AUC	Sample	Drug1	PredictedAUC	AUCError
0.2903	ACH-000001	Drug_988	0.3989	0.1086
0.2636	ACH-000002	Drug_988	0.368	0.1044
0.2858	ACH-000002	Drug_988	0.3475	0.06174
0.2929	ACH-000002	Drug_988	0.3611	0.06815
0.3114	ACH-000002	Drug_988	0.3865	0.07509
0.2067	ACH-000004	Drug_988	0.3425	0.1358
0.3184	ACH-000004	Drug_988	0.3485	0.03015
0.3654	ACH-000004	Drug_988	0.3294	-0.03598
0.2935	ACH-000005	Drug_988	0.3315	0.03798
0.282	ACH-000006	Drug_988	0.3817	0.09966
0.3239	ACH-000006	Drug_988	0.4006	0.07672
0.388	ACH-000006	Drug_988	0.4161	0.02812
0.5047	ACH-000006	Drug_988	0.3849	-0.1198
0.1655	ACH-000007	Drug_988	0.3912	0.2257
0.3497	ACH-000007	Drug_988	0.4026	0.05291
0.6948	ACH-000007	Drug_988	0.3871	-0.3077
0.0709	ACH-000008	Drug_988	0.387	0.3161
0.0737	ACH-000008	Drug_988	0.3044	0.2307
0.1924	ACH-000008	Drug_988	0.3368	0.1444
0.2886	ACH-000008	Drug_988	0.3115	0.02286
0.3474	ACH-000009	Drug_988	0.4689	0.1215
0.3522	ACH-000009	Drug_988	0.467	0.1148
0.3679	ACH-000009	Drug_988	0.4629	0.09503
0.3762	ACH-000009	Drug_988	0.4588	0.08264
0.536	ACH-000009	Drug_988	0.5524	0.01641
0.4022	ACH-000011	Drug_988	0.4052	0.002989
0.3577	ACH-000012	Drug_988	0.4317	0.07398
0.4092	ACH-000012	Drug_988	0.471	0.06181
0.4552	ACH-000012	Drug_988	0.4313	-0.02386
0.4635	ACH-000012	Drug_988	0.4091	-0.05441
0.303	ACH-000013	Drug_988	0.3499	0.04688
0.4244	ACH-000013	Drug_988	0.3871	-0.0373
0.2892	ACH-000014	Drug_988	0.3083	0.01914
0.4164	ACH-000014	Drug_988	0.3704	-0.04602
0.3851	ACH-000017	Drug_988	0.4611	0.07597
0.4949	ACH-000017	Drug_988	0.4185	-0.07638
0.4491	ACH-000018	Drug_988	0.4086	-0.04049
0.4735	ACH-000019	Drug_988	0.6488	0.1753
0.5876	ACH-000019	Drug_988	0.6447	0.0571
0.6714	ACH-000019	Drug_988	0.6046	-0.06677
0.7694	ACH-000019	Drug_988	0.6472	-0.1222
0.2562	ACH-000020	Drug_988	0.3453	0.08913
0.4365	ACH-000022	Drug_988	0.3891	-0.04736
0.3105	ACH-000023	Drug_988	0.399	0.08847
0.3661	ACH-000023	Drug_988	0.4013	0.03519
0.2037	ACH-000024	Drug_988	0.3518	0.1481
0.2412	ACH-000024	Drug_988	0.2969	0.05565
0.2939	ACH-000024	Drug_988	0.3897	0.0958
0.4756	ACH-000024	Drug_988	0.3364	-0.1392
0.3682	ACH-000027	Drug_988	0.4078	0.03965
0.9389	ACH-000028	Drug_988	0.8747	-0.06419
0.6928	ACH-000032	Drug_988	0.6735	-0.01931
0.3607	ACH-000035	Drug_988	0.3573	-0.003358
0.4712	ACH-000035	Drug_988	0.3786	-0.09259
0.253	ACH-000038	Drug_988	0.3596	0.1066
0.3208	ACH-000038	Drug_988	0.3703	0.04947
0.2728	ACH-000039	Drug_988	0.3004	0.02756
0.3618	ACH-000040	Drug_988	0.3505	-0.0113
0.3624	ACH-000040	Drug_988	0.3154	-0.04704
0.3076	ACH-000042	Drug_988	0.4296	0.122
0.459	ACH-000042	Drug_988	0.4637	0.004748
0.5032	ACH-000042	Drug_988	0.4613	-0.04195
0.3293	ACH-000046	Drug_988	0.4183	0.08899
0.3774	ACH-000046	Drug_988	0.3962	0.01883
0.5235	ACH-000046	Drug_988	0.4339	-0.08961
0.4565	ACH-000048	Drug_988	0.3943	-0.06219
0.4931	ACH-000048	Drug_988	0.3839	-0.1092
0.6082	ACH-000048	Drug_988	0.4134	-0.1948
0.227	ACH-000050	Drug_988	0.3853	0.1583
0.2587	ACH-000050	Drug_988	0.3909	0.1322
0.3488	ACH-000051	Drug_988	0.3097	-0.03908
0.343	ACH-000052	Drug_988	0.2975	-0.04555
0.3578	ACH-000052	Drug_988	0.3409	-0.0169
0.4469	ACH-000052	Drug_988	0.3076	-0.1393
0.2941	ACH-000054	Drug_988	0.332	0.03789
0.336	ACH-000054	Drug_988	0.3234	-0.01265
0.4181	ACH-000054	Drug_988	0.3127	-0.1054
0.2594	ACH-000055	Drug_988	0.3587	0.0993
0.2923	ACH-000055	Drug_988	0.3188	0.02654
0.3005	ACH-000055	Drug_988	0.2972	-0.003309
0.4604	ACH-000056	Drug_988	0.3908	-0.0696
0.6686	ACH-000056	Drug_988	0.3326	-0.336
0.6486	ACH-000058	Drug_988	0.4586	-0.19
0.1287	ACH-000059	Drug_988	0.2919	0.1632
0.2451	ACH-000059	Drug_988	0.2672	0.02211
0.2529	ACH-000059	Drug_988	0.2508	-0.002099
0.2738	ACH-000059	Drug_988	0.2737	-9.121e-05
0.4991	ACH-000059	Drug_988	0.2979	-0.2012
0.3808	ACH-000060	Drug_988	0.4252	0.0444
0.3834	ACH-000060	Drug_988	0.4816	0.09825
0.458	ACH-000060	Drug_988	0.4166	-0.04143
0.2675	ACH-000061	Drug_988	0.38	0.1125
0.4318	ACH-000061	Drug_988	0.3282	-0.1036
0.4226	ACH-000062	Drug_988	0.4434	0.02081
0.5144	ACH-000062	Drug_988	0.4128	-0.1016
0.2085	ACH-000065	Drug_988	0.3525	0.144
0.4011	ACH-000065	Drug_988	0.3377	-0.06341
0.4023	ACH-000065	Drug_988	0.3602	-0.04206
0.3768	ACH-000066	Drug_988	0.4528	0.07595
0.5425	ACH-000066	Drug_988	0.4345	-0.108
0.3625	ACH-000067	Drug_988	0.3608	-0.001683
0.4781	ACH-000067	Drug_988	0.3406	-0.1375
0.8733	ACH-000068	Drug_988	0.9294	0.05615
0.3063	ACH-000069	Drug_988	0.4109	0.1046
0.2007	ACH-000070	Drug_988	0.2604	0.0597
0.2743	ACH-000070	Drug_988	0.2178	-0.05646
0.2566	ACH-000072	Drug_988	0.3483	0.09168
0.2959	ACH-000072	Drug_988	0.3094	0.0135
0.3244	ACH-000072	Drug_988	0.3471	0.02267
0.1951	ACH-000073	Drug_988	0.3603	0.1652
0.2656	ACH-000073	Drug_988	0.3431	0.07752
0.3312	ACH-000073	Drug_988	0.3046	-0.02657
0.551	ACH-000073	Drug_988	0.3756	-0.1754
0.1752	ACH-000074	Drug_988	0.3444	0.1692
0.3056	ACH-000074	Drug_988	0.3393	0.03373
0.3171	ACH-000074	Drug_988	0.349	0.03195
0.5031	ACH-000074	Drug_988	0.3593	-0.1438
0.5986	ACH-000074	Drug_988	0.3291	-0.2695
0.335	ACH-000075	Drug_988	0.3512	0.01617
0.3521	ACH-000075	Drug_988	0.3388	-0.01334
0.4089	ACH-000075	Drug_988	0.4006	-0.008272
0.4825	ACH-000075	Drug_988	0.4092	-0.0733
0.2826	ACH-000076	Drug_988	0.303	0.0204
0.2844	ACH-000078	Drug_988	0.2903	0.005873
0.3571	ACH-000078	Drug_988	0.357	-0.0001404
0.4421	ACH-000078	Drug_988	0.3067	-0.1354
0.22	ACH-000081	Drug_988	0.3642	0.1442
0.2633	ACH-000081	Drug_988	0.3791	0.1158
0.3763	ACH-000081	Drug_988	0.4252	0.04887
0.4563	ACH-000081	Drug_988	0.4012	-0.05507
0.9744	ACH-000081	Drug_988	0.3609	-0.6135
0.3332	ACH-000082	Drug_988	0.4427	0.1095
0.4303	ACH-000082	Drug_988	0.4583	0.02805
0.428	ACH-000086	Drug_988	0.4075	-0.02048
0.3125	ACH-000087	Drug_988	0.3751	0.06256
0.3501	ACH-000087	Drug_988	0.3573	0.007238
0.425	ACH-000087	Drug_988	0.3913	-0.03369
0.4636	ACH-000087	Drug_988	0.3964	-0.06723
0.345	ACH-000090	Drug_988	0.392	0.04696
0.4228	ACH-000090	Drug_988	0.4607	0.03793
0.4415	ACH-000090	Drug_988	0.417	-0.0245
0.3204	ACH-000091	Drug_988	0.3813	0.06086
0.3293	ACH-000091	Drug_988	0.3235	-0.005817
0.3287	ACH-000092	Drug_988	0.4577	0.129
0.4081	ACH-000092	Drug_988	0.384	-0.02409
0.4274	ACH-000092	Drug_988	0.4367	0.009309
0.4323	ACH-000092	Drug_988	0.3925	-0.03982
0.537	ACH-000092	Drug_988	0.4025	-0.1345
0.4547	ACH-000093	Drug_988	0.4433	-0.01138
0.311	ACH-000094	Drug_988	0.454	0.143
0.3839	ACH-000094	Drug_988	0.4191	0.03518
0.4332	ACH-000094	Drug_988	0.4453	0.01211
0.3443	ACH-000096	Drug_988	0.3634	0.01906
0.347	ACH-000096	Drug_988	0.3977	0.05072
0.4653	ACH-000096	Drug_988	0.3664	-0.09894
0.5006	ACH-000097	Drug_988	0.5174	0.01683
0.2894	ACH-000098	Drug_988	0.3452	0.05582
0.3987	ACH-000098	Drug_988	0.3563	-0.04241
0.2913	ACH-000099	Drug_988	0.3669	0.07559
0.3423	ACH-000099	Drug_988	0.4009	0.05855
0.3927	ACH-000099	Drug_988	0.4032	0.01055
0.6349	ACH-000099	Drug_988	0.3869	-0.248
0.4039	ACH-000102	Drug_988	0.3769	-0.02702
0.2993	ACH-000103	Drug_988	0.3504	0.05106
0.3265	ACH-000103	Drug_988	0.4074	0.08092
0.1093	ACH-000104	Drug_988	0.2172	0.1079
0.2106	ACH-000104	Drug_988	0.2507	0.04014
0.145	ACH-000105	Drug_988	0.2856	0.1406
0.2584	ACH-000105	Drug_988	0.2125	-0.04586
0.3109	ACH-000105	Drug_988	0.2909	-0.01996
0.2445	ACH-000106	Drug_988	0.326	0.08151
0.2454	ACH-000106	Drug_988	0.3602	0.1148
0.2633	ACH-000106	Drug_988	0.3336	0.07027
0.2835	ACH-000106	Drug_988	0.3509	0.06744
0.3226	ACH-000106	Drug_988	0.2894	-0.03325
0.3951	ACH-000106	Drug_988	0.3063	-0.08876
0.4153	ACH-000106	Drug_988	0.3806	-0.03469
0.4924	ACH-000106	Drug_988	0.3625	-0.1299
0.5437	ACH-000107	Drug_988	0.5529	0.009207
0.657	ACH-000107	Drug_988	0.5221	-0.1349
0.3425	ACH-000110	Drug_988	0.3515	0.008994
0.2553	ACH-000111	Drug_988	0.3546	0.09928
0.2693	ACH-000111	Drug_988	0.2759	0.006582
0.3292	ACH-000111	Drug_988	0.3388	0.009564
0.3595	ACH-000111	Drug_988	0.2727	-0.08677
0.2587	ACH-000112	Drug_988	0.2918	0.03312
0.3233	ACH-000112	Drug_988	0.3133	-0.009958
0.2538	ACH-000113	Drug_988	0.2916	0.0378
0.2781	ACH-000113	Drug_988	0.3101	0.03204
0.3315	ACH-000113	Drug_988	0.3532	0.0217
0.3888	ACH-000113	Drug_988	0.3278	-0.06105
0.3662	ACH-000114	Drug_988	0.4225	0.05633
0.3836	ACH-000114	Drug_988	0.4212	0.03757
0.442	ACH-000114	Drug_988	0.3782	-0.06384
0.3599	ACH-000115	Drug_988	0.413	0.05315
0.3914	ACH-000115	Drug_988	0.4038	0.01236
0.63	ACH-000115	Drug_988	0.4371	-0.1929
0.3131	ACH-000116	Drug_988	0.4463	0.1332
0.4271	ACH-000116	Drug_988	0.4562	0.02906
0.3002	ACH-000117	Drug_988	0.5942	0.294
0.3027	ACH-000117	Drug_988	0.439	0.1363
0.411	ACH-000117	Drug_988	0.4246	0.01358
0.3341	ACH-000118	Drug_988	0.404	0.06986
0.3341	ACH-000118	Drug_988	0.3948	0.06066
0.385	ACH-000118	Drug_988	0.3762	-0.008849
0.3413	ACH-000120	Drug_988	0.3998	0.05853
0.4236	ACH-000120	Drug_988	0.3867	-0.03687
0.43	ACH-000121	Drug_988	0.5186	0.08855
0.6078	ACH-000121	Drug_988	0.5341	-0.07372
0.6275	ACH-000121	Drug_988	0.621	-0.006455
0.5074	ACH-000122	Drug_988	0.4266	-0.08076
0.3934	ACH-000123	Drug_988	0.3903	-0.003133
0.1932	ACH-000124	Drug_988	0.2825	0.08925
0.4094	ACH-000124	Drug_988	0.3415	-0.06791
0.482	ACH-000126	Drug_988	0.3825	-0.09951
0.3183	ACH-000129	Drug_988	0.4091	0.09075
0.3896	ACH-000129	Drug_988	0.352	-0.03761
0.5685	ACH-000132	Drug_988	0.46	-0.1085
0.3282	ACH-000133	Drug_988	0.3712	0.043
0.4136	ACH-000135	Drug_988	0.4406	0.02696
0.3877	ACH-000136	Drug_988	0.3414	-0.04625
0.4127	ACH-000136	Drug_988	0.4057	-0.007014
0.0919	ACH-000137	Drug_988	0.3346	0.2427
0.2736	ACH-000137	Drug_988	0.2904	0.01676
0.3799	ACH-000137	Drug_988	0.3601	-0.01977
0.2758	ACH-000138	Drug_988	0.4143	0.1385
0.4072	ACH-000138	Drug_988	0.4463	0.03911
0.409	ACH-000138	Drug_988	0.423	0.014
0.3594	ACH-000139	Drug_988	0.3899	0.03052
0.5754	ACH-000139	Drug_988	0.3808	-0.1946
0.6294	ACH-000139	Drug_988	0.3835	-0.2459
0.2846	ACH-000140	Drug_988	0.3203	0.03573
0.4034	ACH-000141	Drug_988	0.4809	0.07747
0.2955	ACH-000142	Drug_988	0.4276	0.1321
0.3843	ACH-000142	Drug_988	0.4096	0.02533
0.3853	ACH-000144	Drug_988	0.3679	-0.01742
0.4842	ACH-000144	Drug_988	0.3881	-0.09607
0.4102	ACH-000146	Drug_988	0.402	-0.008181
0.6838	ACH-000146	Drug_988	0.5152	-0.1686
0.8352	ACH-000146	Drug_988	0.3607	-0.4745
0.3018	ACH-000147	Drug_988	0.4084	0.1066
0.3113	ACH-000147	Drug_988	0.3732	0.06194
0.3814	ACH-000147	Drug_988	0.3696	-0.01178
0.3962	ACH-000147	Drug_988	0.4054	0.009212
0.4277	ACH-000147	Drug_988	0.412	-0.01567
0.2766	ACH-000148	Drug_988	0.3228	0.04623
0.318	ACH-000148	Drug_988	0.3338	0.01584
0.346	ACH-000148	Drug_988	0.3526	0.006627
0.3936	ACH-000148	Drug_988	0.3267	-0.06686
0.2552	ACH-000149	Drug_988	0.3694	0.1142
0.4012	ACH-000149	Drug_988	0.3858	-0.01538
0.4989	ACH-000149	Drug_988	0.3876	-0.1113
0.4804	ACH-000150	Drug_988	0.459	-0.02139
0.1416	ACH-000151	Drug_988	0.2486	0.107
0.235	ACH-000151	Drug_988	0.2172	-0.01783
0.3569	ACH-000152	Drug_988	0.3339	-0.02298
0.3997	ACH-000153	Drug_988	0.3702	-0.02952
0.4459	ACH-000153	Drug_988	0.3155	-0.1304
0.5309	ACH-000153	Drug_988	0.3936	-0.1373
0.5074	ACH-000154	Drug_988	0.5496	0.04223
0.2997	ACH-000155	Drug_988	0.4055	0.1058
0.3075	ACH-000155	Drug_988	0.3953	0.08781
0.5566	ACH-000155	Drug_988	0.4214	-0.1352
0.3057	ACH-000156	Drug_988	0.3793	0.07359
0.1664	ACH-000157	Drug_988	0.2839	0.1175
0.2631	ACH-000157	Drug_988	0.2478	-0.01532
0.2719	ACH-000157	Drug_988	0.3153	0.04344
0.3334	ACH-000158	Drug_988	0.2722	-0.06124
0.1347	ACH-000159	Drug_988	0.339	0.2043
0.3335	ACH-000159	Drug_988	0.3297	-0.003792
0.4254	ACH-000159	Drug_988	0.3565	-0.06888
0.3769	ACH-000161	Drug_988	0.3939	0.017
0.39	ACH-000161	Drug_988	0.4663	0.07628
0.1836	ACH-000162	Drug_988	0.3137	0.1301
0.2477	ACH-000162	Drug_988	0.3451	0.09736
0.3009	ACH-000162	Drug_988	0.354	0.05305
0.6403	ACH-000162	Drug_988	0.315	-0.3253
0.9397	ACH-000162	Drug_988	0.3892	-0.5505
0.3744	ACH-000163	Drug_988	0.3238	-0.05063
0.3201	ACH-000168	Drug_988	0.3904	0.07025
0.4657	ACH-000168	Drug_988	0.4297	-0.03605
0.5085	ACH-000168	Drug_988	0.4004	-0.1081
0.526	ACH-000168	Drug_988	0.3943	-0.1317
0.3991	ACH-000169	Drug_988	0.3608	-0.03828
0.4579	ACH-000169	Drug_988	0.3167	-0.1412
0.3689	ACH-000171	Drug_988	0.4472	0.07833
0.3947	ACH-000171	Drug_988	0.4447	0.05002
0.4334	ACH-000173	Drug_988	0.3854	-0.04801
0.3113	ACH-000174	Drug_988	0.394	0.08266
0.4198	ACH-000174	Drug_988	0.3634	-0.05645
0.2519	ACH-000176	Drug_988	0.4193	0.1674
0.2625	ACH-000176	Drug_988	0.4069	0.1444
0.4477	ACH-000176	Drug_988	0.3851	-0.06261
0.3611	ACH-000178	Drug_988	0.4202	0.05907
0.4074	ACH-000178	Drug_988	0.4953	0.08787
0.4745	ACH-000178	Drug_988	0.3996	-0.07487
0.8667	ACH-000180	Drug_988	0.9381	0.07136
0.3912	ACH-000181	Drug_988	0.4157	0.02451
0.4697	ACH-000181	Drug_988	0.4117	-0.05805
0.493	ACH-000182	Drug_988	0.5003	0.007333
0.2474	ACH-000183	Drug_988	0.3762	0.1288
0.309	ACH-000183	Drug_988	0.3855	0.07649
0.3467	ACH-000183	Drug_988	0.3285	-0.01817
0.5934	ACH-000183	Drug_988	0.3807	-0.2127
0.4122	ACH-000186	Drug_988	0.6258	0.2136
0.3268	ACH-000187	Drug_988	0.3816	0.05476
0.4555	ACH-000188	Drug_988	0.3993	-0.05624
0.2805	ACH-000189	Drug_988	0.4028	0.1223
0.3784	ACH-000189	Drug_988	0.368	-0.01041
0.82	ACH-000189	Drug_988	0.4199	-0.4001
0.2605	ACH-000190	Drug_988	0.3522	0.09174
0.3155	ACH-000190	Drug_988	0.4001	0.08464
0.3816	ACH-000190	Drug_988	0.3289	-0.05274
0.3119	ACH-000191	Drug_988	0.3595	0.04765
0.3826	ACH-000191	Drug_988	0.3773	-0.005277
0.3069	ACH-000195	Drug_988	0.2615	-0.04544
0.3103	ACH-000196	Drug_988	0.3695	0.05921
0.4284	ACH-000196	Drug_988	0.3548	-0.07365
0.3512	ACH-000197	Drug_988	0.3891	0.03794
0.4604	ACH-000197	Drug_988	0.4125	-0.04789
0.2555	ACH-000200	Drug_988	0.3546	0.0991
0.8122	ACH-000200	Drug_988	0.3955	-0.4167
0.3774	ACH-000201	Drug_988	0.3272	-0.05018
0.4112	ACH-000201	Drug_988	0.4159	0.004728
0.5939	ACH-000202	Drug_988	0.4224	-0.1715
0.378	ACH-000203	Drug_988	0.3964	0.01838
0.2552	ACH-000204	Drug_988	0.3809	0.1257
0.2811	ACH-000204	Drug_988	0.4011	0.12
0.3696	ACH-000204	Drug_988	0.3812	0.01163
0.3942	ACH-000205	Drug_988	0.4179	0.02374
0.415	ACH-000205	Drug_988	0.4003	-0.01471
0.3076	ACH-000207	Drug_988	0.3722	0.06465
0.3395	ACH-000207	Drug_988	0.3445	0.005005
0.439	ACH-000207	Drug_988	0.3803	-0.05868
0.433	ACH-000209	Drug_988	0.4033	-0.02969
0.3247	ACH-000210	Drug_988	0.3846	0.05994
0.3351	ACH-000211	Drug_988	0.3365	0.001439
0.3359	ACH-000211	Drug_988	0.3636	0.02767
0.3227	ACH-000212	Drug_988	0.4132	0.09055
0.3274	ACH-000212	Drug_988	0.383	0.05557
0.4427	ACH-000212	Drug_988	0.4216	-0.02112
0.3037	ACH-000218	Drug_988	0.3806	0.07691
0.3562	ACH-000218	Drug_988	0.4143	0.05806
0.249	ACH-000219	Drug_988	0.3466	0.09764
0.2642	ACH-000219	Drug_988	0.3634	0.09923
0.2648	ACH-000219	Drug_988	0.2804	0.0156
0.2671	ACH-000219	Drug_988	0.3174	0.05028
0.2698	ACH-000219	Drug_988	0.3097	0.03991
0.2778	ACH-000219	Drug_988	0.3361	0.05827
0.2792	ACH-000219	Drug_988	0.3345	0.05532
0.2797	ACH-000219	Drug_988	0.2845	0.004799
0.2893	ACH-000219	Drug_988	0.3315	0.04216
0.2917	ACH-000219	Drug_988	0.289	-0.002692
0.2935	ACH-000219	Drug_988	0.334	0.0405
0.2977	ACH-000219	Drug_988	0.3674	0.06968
0.3053	ACH-000219	Drug_988	0.3137	0.008384
0.3064	ACH-000219	Drug_988	0.3166	0.01018
0.3076	ACH-000219	Drug_988	0.3242	0.01656
0.3094	ACH-000219	Drug_988	0.2944	-0.01499
0.3134	ACH-000219	Drug_988	0.2759	-0.03754
0.3239	ACH-000219	Drug_988	0.3168	-0.007136
0.3397	ACH-000219	Drug_988	0.3264	-0.01325
0.3438	ACH-000219	Drug_988	0.3024	-0.04135
0.3876	ACH-000219	Drug_988	0.3253	-0.06226
0.4099	ACH-000219	Drug_988	0.3106	-0.09933
0.4614	ACH-000219	Drug_988	0.3329	-0.1285
0.2909	ACH-000220	Drug_988	0.3236	0.03268
0.3459	ACH-000221	Drug_988	0.3588	0.0129
0.5162	ACH-000221	Drug_988	0.3683	-0.1479
0.5224	ACH-000222	Drug_988	0.5379	0.01551
0.5554	ACH-000222	Drug_988	0.5953	0.03992
0.613	ACH-000222	Drug_988	0.5923	-0.02075
0.9583	ACH-000222	Drug_988	0.6029	-0.3554
0.281	ACH-000223	Drug_988	0.3621	0.08115
0.2831	ACH-000223	Drug_988	0.3203	0.03724
0.3084	ACH-000223	Drug_988	0.3362	0.0278
0.3282	ACH-000223	Drug_988	0.3439	0.01567
0.3411	ACH-000223	Drug_988	0.3883	0.04722
0.3621	ACH-000223	Drug_988	0.3237	-0.03839
0.3685	ACH-000223	Drug_988	0.3709	0.002374
0.4323	ACH-000223	Drug_988	0.3616	-0.07075
0.196	ACH-000225	Drug_988	0.3972	0.2012
0.3876	ACH-000225	Drug_988	0.4168	0.02923
0.2289	ACH-000226	Drug_988	0.2853	0.05645
0.2625	ACH-000226	Drug_988	0.2654	0.002851
0.2849	ACH-000227	Drug_988	0.5493	0.2644
0.3842	ACH-000227	Drug_988	0.4993	0.1151
0.4838	ACH-000227	Drug_988	0.4511	-0.03273
0.751	ACH-000227	Drug_988	0.5762	-0.1748
0.4698	ACH-000228	Drug_988	0.4145	-0.05532
0.12	ACH-000231	Drug_988	0.3395	0.2195
0.2023	ACH-000231	Drug_988	0.4127	0.2104
0.206	ACH-000231	Drug_988	0.3663	0.1603
0.3603	ACH-000231	Drug_988	0.4129	0.05258
0.3973	ACH-000231	Drug_988	0.3604	-0.03691
0.413	ACH-000231	Drug_988	0.329	-0.08398
0.3266	ACH-000232	Drug_988	0.3084	-0.01819
0.4225	ACH-000232	Drug_988	0.3358	-0.08672
0.444	ACH-000235	Drug_988	0.5367	0.09267
0.5416	ACH-000235	Drug_988	0.5842	0.04257
0.5696	ACH-000235	Drug_988	0.5418	-0.02785
0.678	ACH-000235	Drug_988	0.5105	-0.1675
0.4903	ACH-000236	Drug_988	0.5384	0.04809
0.5774	ACH-000236	Drug_988	0.6114	0.03396
0.3352	ACH-000237	Drug_988	0.5446	0.2094
0.4	ACH-000238	Drug_988	0.3425	-0.05752
0.4456	ACH-000238	Drug_988	0.3715	-0.07414
0.2722	ACH-000239	Drug_988	0.4021	0.1299
0.4376	ACH-000241	Drug_988	0.3135	-0.1241
0.3447	ACH-000242	Drug_988	0.4268	0.08213
0.354	ACH-000242	Drug_988	0.3859	0.03188
0.5004	ACH-000242	Drug_988	0.4233	-0.07707
0.3003	ACH-000243	Drug_988	0.3811	0.08076
0.3556	ACH-000243	Drug_988	0.341	-0.01458
0.2633	ACH-000244	Drug_988	0.3354	0.07206
0.2972	ACH-000244	Drug_988	0.3573	0.06006
0.1803	ACH-000245	Drug_988	0.3354	0.1551
0.249	ACH-000245	Drug_988	0.3401	0.09111
0.4068	ACH-000247	Drug_988	0.3964	-0.01045
0.4839	ACH-000247	Drug_988	0.4006	-0.08329
0.4989	ACH-000247	Drug_988	0.4437	-0.05521
0.3342	ACH-000248	Drug_988	0.4087	0.07451
0.3667	ACH-000248	Drug_988	0.4212	0.05448
0.3698	ACH-000248	Drug_988	0.3638	-0.00596
0.3904	ACH-000248	Drug_988	0.3847	-0.00567
0.428	ACH-000248	Drug_988	0.4241	-0.00386
0.4833	ACH-000248	Drug_988	0.391	-0.09227
0.4883	ACH-000248	Drug_988	0.4065	-0.08182
0.303	ACH-000249	Drug_988	0.4003	0.09727
0.325	ACH-000249	Drug_988	0.3842	0.05923
0.4614	ACH-000249	Drug_988	0.378	-0.08344
0.3375	ACH-000250	Drug_988	0.3724	0.03494
0.3978	ACH-000250	Drug_988	0.4382	0.04041
0.4856	ACH-000253	Drug_988	0.4444	-0.04121
0.5337	ACH-000253	Drug_988	0.4209	-0.1128
0.3106	ACH-000254	Drug_988	0.4345	0.1239
0.906	ACH-000254	Drug_988	0.4233	-0.4827
0.3352	ACH-000255	Drug_988	0.4108	0.07559
0.3899	ACH-000256	Drug_988	0.4178	0.02792
0.3101	ACH-000257	Drug_988	0.3642	0.05408
0.3663	ACH-000257	Drug_988	0.369	0.002717
0.4305	ACH-000257	Drug_988	0.3597	-0.07079
0.4848	ACH-000257	Drug_988	0.3682	-0.1166
0.2041	ACH-000258	Drug_988	0.2586	0.05449
0.2459	ACH-000258	Drug_988	0.3575	0.1116
0.2508	ACH-000258	Drug_988	0.3219	0.07111
0.2596	ACH-000258	Drug_988	0.308	0.04842
0.3182	ACH-000258	Drug_988	0.2727	-0.04546
0.3567	ACH-000258	Drug_988	0.3558	-0.0008577
0.3113	ACH-000260	Drug_988	0.3753	0.06399
0.4312	ACH-000260	Drug_988	0.3797	-0.0515
0.2992	ACH-000261	Drug_988	0.3922	0.09302
0.1929	ACH-000264	Drug_988	0.3953	0.2024
0.4247	ACH-000264	Drug_988	0.3946	-0.0301
0.4308	ACH-000264	Drug_988	0.3882	-0.04256
0.419	ACH-000266	Drug_988	0.4626	0.04357
0.2533	ACH-000267	Drug_988	0.2824	0.0291
0.2835	ACH-000267	Drug_988	0.3139	0.03036
0.304	ACH-000267	Drug_988	0.2891	-0.01488
0.3175	ACH-000267	Drug_988	0.287	-0.03052
0.2937	ACH-000269	Drug_988	0.3626	0.06893
0.4521	ACH-000269	Drug_988	0.3049	-0.1472
0.4798	ACH-000269	Drug_988	0.3435	-0.1363
0.2836	ACH-000270	Drug_988	0.3888	0.1052
0.4004	ACH-000270	Drug_988	0.4069	0.006466
0.4504	ACH-000270	Drug_988	0.3541	-0.09627
0.4915	ACH-000270	Drug_988	0.3831	-0.1084
0.2833	ACH-000271	Drug_988	0.3287	0.04536
0.3787	ACH-000271	Drug_988	0.2918	-0.08694
0.5815	ACH-000271	Drug_988	0.3504	-0.2311
0.2582	ACH-000273	Drug_988	0.2718	0.01357
0.2804	ACH-000273	Drug_988	0.2334	-0.04696
0.3088	ACH-000273	Drug_988	0.2874	-0.02136
0.4086	ACH-000273	Drug_988	0.2708	-0.1378
0.4463	ACH-000274	Drug_988	0.4211	-0.02522
0.5729	ACH-000274	Drug_988	0.3713	-0.2016
0.3517	ACH-000277	Drug_988	0.5137	0.162
0.4245	ACH-000277	Drug_988	0.4635	0.03904
0.5057	ACH-000277	Drug_988	0.5025	-0.003163
0.549	ACH-000277	Drug_988	0.5793	0.0303
0.3156	ACH-000278	Drug_988	0.4508	0.1352
0.3599	ACH-000280	Drug_988	0.409	0.04911
0.2025	ACH-000287	Drug_988	0.3079	0.1054
0.2736	ACH-000287	Drug_988	0.3146	0.04104
0.2861	ACH-000288	Drug_988	0.4177	0.1316
0.3773	ACH-000288	Drug_988	0.4453	0.06804
0.3811	ACH-000288	Drug_988	0.3819	0.0008242
0.5154	ACH-000288	Drug_988	0.3851	-0.1303
0.2674	ACH-000290	Drug_988	0.3479	0.08045
0.4237	ACH-000290	Drug_988	0.3985	-0.0252
0.3292	ACH-000291	Drug_988	0.3991	0.06994
0.3494	ACH-000291	Drug_988	0.3944	0.04503
0.4425	ACH-000291	Drug_988	0.4304	-0.0121
0.3915	ACH-000292	Drug_988	0.3989	0.007443
0.5	ACH-000292	Drug_988	0.4047	-0.09533
0.2949	ACH-000294	Drug_988	0.2447	-0.05022
0.365	ACH-000294	Drug_988	0.3232	-0.04183
0.1818	ACH-000295	Drug_988	0.1992	0.01741
0.222	ACH-000295	Drug_988	0.271	0.04904
0.29	ACH-000295	Drug_988	0.3134	0.02343
0.5231	ACH-000296	Drug_988	0.4699	-0.0532
0.3602	ACH-000297	Drug_988	0.3427	-0.01746
0.4625	ACH-000297	Drug_988	0.3626	-0.09991
0.3596	ACH-000298	Drug_988	0.3444	-0.01525
0.2689	ACH-000301	Drug_988	0.2805	0.01158
0.2711	ACH-000301	Drug_988	0.2875	0.0164
0.292	ACH-000301	Drug_988	0.3751	0.08313
0.4416	ACH-000302	Drug_988	0.3942	-0.04739
0.3409	ACH-000303	Drug_988	0.4199	0.07898
0.3035	ACH-000304	Drug_988	0.3475	0.04403
0.3687	ACH-000304	Drug_988	0.2901	-0.07861
0.4701	ACH-000304	Drug_988	0.3544	-0.1157
0.2973	ACH-000305	Drug_988	0.3612	0.06394
0.3257	ACH-000305	Drug_988	0.3632	0.0375
0.4631	ACH-000305	Drug_988	0.4222	-0.04086
0.7029	ACH-000305	Drug_988	0.4045	-0.2984
0.8451	ACH-000305	Drug_988	0.4344	-0.4107
0.9501	ACH-000306	Drug_988	0.7317	-0.2184
0.4221	ACH-000307	Drug_988	0.4294	0.007262
0.4252	ACH-000307	Drug_988	0.4487	0.02345
0.3637	ACH-000308	Drug_988	0.417	0.0533
0.4618	ACH-000308	Drug_988	0.423	-0.03884
0.2913	ACH-000310	Drug_988	0.3274	0.03607
0.4317	ACH-000310	Drug_988	0.323	-0.1087
0.3576	ACH-000311	Drug_988	0.423	0.06538
0.5714	ACH-000311	Drug_988	0.4057	-0.1657
0.6306	ACH-000311	Drug_988	0.4708	-0.1598
0.4514	ACH-000312	Drug_988	0.3876	-0.06379
0.4738	ACH-000312	Drug_988	0.4003	-0.07347
0.2763	ACH-000313	Drug_988	0.4457	0.1694
0.259	ACH-000315	Drug_988	0.3911	0.1321
0.2794	ACH-000315	Drug_988	0.3753	0.09592
0.2956	ACH-000315	Drug_988	0.3973	0.1017
0.5785	ACH-000315	Drug_988	0.3752	-0.2033
0.4495	ACH-000316	Drug_988	0.4086	-0.0409
0.5212	ACH-000317	Drug_988	0.4164	-0.1048
0.1405	ACH-000318	Drug_988	0.3678	0.2273
0.3783	ACH-000318	Drug_988	0.4057	0.02741
0.1516	ACH-000320	Drug_988	0.3176	0.166
0.1581	ACH-000320	Drug_988	0.3383	0.1802
0.3063	ACH-000320	Drug_988	0.3178	0.01151
0.35	ACH-000320	Drug_988	0.2971	-0.05293
0.5308	ACH-000320	Drug_988	0.333	-0.1978
0.3059	ACH-000321	Drug_988	0.265	-0.04094
0.1006	ACH-000322	Drug_988	0.2723	0.1717
0.1256	ACH-000322	Drug_988	0.3197	0.1941
0.3128	ACH-000322	Drug_988	0.3397	0.02691
0.3927	ACH-000322	Drug_988	0.2999	-0.09276
0.3161	ACH-000323	Drug_988	0.3567	0.04055
0.4086	ACH-000323	Drug_988	0.3598	-0.04878
0.4445	ACH-000324	Drug_988	0.4465	0.002021
0.3189	ACH-000325	Drug_988	0.3066	-0.01234
0.2733	ACH-000326	Drug_988	0.3323	0.05901
0.3253	ACH-000326	Drug_988	0.2429	-0.0824
0.4062	ACH-000326	Drug_988	0.3012	-0.105
0.6474	ACH-000327	Drug_988	0.6137	-0.03374
0.4137	ACH-000329	Drug_988	0.4183	0.004594
0.4849	ACH-000329	Drug_988	0.4493	-0.03563
0.5028	ACH-000329	Drug_988	0.4044	-0.09839
0.3088	ACH-000330	Drug_988	0.4222	0.1134
0.361	ACH-000330	Drug_988	0.4156	0.05465
0.4258	ACH-000330	Drug_988	0.4313	0.005485
0.3824	ACH-000332	Drug_988	0.5438	0.1614
0.3859	ACH-000332	Drug_988	0.462	0.07606
0.482	ACH-000332	Drug_988	0.3879	-0.09406
0.1869	ACH-000334	Drug_988	0.2862	0.09927
0.2023	ACH-000334	Drug_988	0.2739	0.07162
0.245	ACH-000334	Drug_988	0.3141	0.06906
0.2474	ACH-000334	Drug_988	0.302	0.05459
0.5246	ACH-000334	Drug_988	0.3301	-0.1945
0.3552	ACH-000335	Drug_988	0.4016	0.04644
0.3575	ACH-000335	Drug_988	0.3887	0.03119
0.4914	ACH-000335	Drug_988	0.4194	-0.07197
0.21	ACH-000336	Drug_988	0.3052	0.09517
0.2822	ACH-000336	Drug_988	0.271	-0.01119
0.2832	ACH-000336	Drug_988	0.2776	-0.005645
0.2096	ACH-000338	Drug_988	0.2921	0.08249
0.272	ACH-000338	Drug_988	0.3691	0.09705
0.3471	ACH-000338	Drug_988	0.3393	-0.007785
0.315	ACH-000341	Drug_988	0.3686	0.05363
0.3427	ACH-000341	Drug_988	0.3487	0.005985
0.3472	ACH-000341	Drug_988	0.4158	0.06863
0.4421	ACH-000341	Drug_988	0.3701	-0.07201
0.2793	ACH-000343	Drug_988	0.3743	0.09496
0.3428	ACH-000343	Drug_988	0.3654	0.02257
0.4522	ACH-000343	Drug_988	0.4199	-0.03229
0.4078	ACH-000344	Drug_988	0.4737	0.06593
0.2443	ACH-000346	Drug_988	0.3154	0.07114
0.3452	ACH-000346	Drug_988	0.3095	-0.03566
0.4055	ACH-000346	Drug_988	0.3618	-0.04375
0.585	ACH-000346	Drug_988	0.3137	-0.2713
0.7786	ACH-000346	Drug_988	0.3648	-0.4138
0.3628	ACH-000347	Drug_988	0.4936	0.1308
0.4978	ACH-000347	Drug_988	0.416	-0.08177
0.3014	ACH-000348	Drug_988	0.3108	0.009368
0.3573	ACH-000348	Drug_988	0.3298	-0.02746
0.4	ACH-000348	Drug_988	0.3599	-0.04005
0.2507	ACH-000349	Drug_988	0.4664	0.2157
0.3205	ACH-000349	Drug_988	0.4129	0.09236
0.3466	ACH-000349	Drug_988	0.4608	0.1142
0.9224	ACH-000349	Drug_988	0.4344	-0.488
0.4866	ACH-000350	Drug_988	0.6315	0.1449
0.6522	ACH-000350	Drug_988	0.6212	-0.03104
0.6604	ACH-000350	Drug_988	0.6772	0.01682
0.7936	ACH-000350	Drug_988	0.6221	-0.1715
0.3969	ACH-000351	Drug_988	0.3617	-0.03517
0.4276	ACH-000351	Drug_988	0.4157	-0.01186
0.437	ACH-000351	Drug_988	0.4108	-0.02615
0.4691	ACH-000352	Drug_988	0.6341	0.165
0.6888	ACH-000352	Drug_988	0.6569	-0.03194
0.6973	ACH-000352	Drug_988	0.7095	0.01221
0.376	ACH-000353	Drug_988	0.3475	-0.02851
0.3846	ACH-000353	Drug_988	0.3926	0.008036
0.3208	ACH-000355	Drug_988	0.4193	0.09853
0.3655	ACH-000355	Drug_988	0.4106	0.04515
0.3896	ACH-000355	Drug_988	0.3853	-0.00432
0.3499	ACH-000356	Drug_988	0.3993	0.04942
0.4481	ACH-000356	Drug_988	0.4272	-0.02092
0.4769	ACH-000356	Drug_988	0.4705	-0.00639
0.2922	ACH-000357	Drug_988	0.2707	-0.02152
0.2402	ACH-000358	Drug_988	0.3742	0.134
0.2715	ACH-000358	Drug_988	0.3683	0.09682
0.2735	ACH-000358	Drug_988	0.3792	0.1057
0.3186	ACH-000358	Drug_988	0.331	0.01238
0.3273	ACH-000358	Drug_988	0.3962	0.06889
0.2508	ACH-000359	Drug_988	0.3309	0.08008
0.313	ACH-000359	Drug_988	0.3599	0.04685
0.4111	ACH-000359	Drug_988	0.3124	-0.09867
0.3615	ACH-000360	Drug_988	0.3823	0.02081
0.3177	ACH-000361	Drug_988	0.3504	0.0327
0.3742	ACH-000361	Drug_988	0.3558	-0.01844
0.4465	ACH-000361	Drug_988	0.393	-0.05349
0.1851	ACH-000362	Drug_988	0.3837	0.1986
0.249	ACH-000362	Drug_988	0.3363	0.08726
0.3834	ACH-000362	Drug_988	0.2874	-0.09604
0.425	ACH-000362	Drug_988	0.2702	-0.1548
0.1793	ACH-000363	Drug_988	0.3199	0.1406
0.2998	ACH-000363	Drug_988	0.3383	0.03846
0.3889	ACH-000363	Drug_988	0.3249	-0.06401
0.4286	ACH-000363	Drug_988	0.3569	-0.07166
0.3188	ACH-000364	Drug_988	0.3767	0.05794
0.3248	ACH-000364	Drug_988	0.3534	0.02857
0.3391	ACH-000364	Drug_988	0.357	0.01795
0.3416	ACH-000364	Drug_988	0.3776	0.03599
0.3419	ACH-000364	Drug_988	0.3765	0.03462
0.342	ACH-000364	Drug_988	0.3744	0.03236
0.3464	ACH-000364	Drug_988	0.3536	0.007234
0.3473	ACH-000364	Drug_988	0.403	0.05573
0.3514	ACH-000364	Drug_988	0.3917	0.04029
0.3554	ACH-000364	Drug_988	0.2923	-0.06312
0.3576	ACH-000364	Drug_988	0.3801	0.02255
0.361	ACH-000364	Drug_988	0.3792	0.01815
0.3637	ACH-000364	Drug_988	0.3774	0.01374
0.3679	ACH-000364	Drug_988	0.3747	0.006761
0.3679	ACH-000364	Drug_988	0.3807	0.01278
0.3681	ACH-000364	Drug_988	0.3012	-0.06689
0.3712	ACH-000364	Drug_988	0.3542	-0.01697
0.3734	ACH-000364	Drug_988	0.4253	0.05194
0.449	ACH-000364	Drug_988	0.3617	-0.08734
0.4564	ACH-000364	Drug_988	0.3855	-0.07089
0.4723	ACH-000364	Drug_988	0.3489	-0.1234
0.5559	ACH-000364	Drug_988	0.3329	-0.223
0.1584	ACH-000365	Drug_988	0.356	0.1976
0.3084	ACH-000365	Drug_988	0.3025	-0.005869
0.4273	ACH-000365	Drug_988	0.3227	-0.1046
0.2263	ACH-000366	Drug_988	0.3937	0.1674
0.3131	ACH-000366	Drug_988	0.3568	0.04369
0.3772	ACH-000366	Drug_988	0.3397	-0.03753
0.4452	ACH-000366	Drug_988	0.3674	-0.07779
0.492	ACH-000366	Drug_988	0.3516	-0.1404
0.3498	ACH-000368	Drug_988	0.3959	0.04606
0.3152	ACH-000369	Drug_988	0.2614	-0.05379
0.3216	ACH-000370	Drug_988	0.3946	0.07297
0.2676	ACH-000371	Drug_988	0.4243	0.1567
0.3745	ACH-000371	Drug_988	0.398	0.02348
0.5014	ACH-000371	Drug_988	0.3767	-0.1247
0.2271	ACH-000372	Drug_988	0.251	0.02393
0.228	ACH-000372	Drug_988	0.2435	0.01551
0.2439	ACH-000372	Drug_988	0.2821	0.03816
0.3003	ACH-000372	Drug_988	0.2219	-0.07839
0.2911	ACH-000373	Drug_988	0.4203	0.1292
0.4566	ACH-000373	Drug_988	0.4048	-0.05179
0.8309	ACH-000373	Drug_988	0.383	-0.4479
0.3716	ACH-000374	Drug_988	0.3587	-0.01286
0.3841	ACH-000374	Drug_988	0.4069	0.02278
0.3968	ACH-000374	Drug_988	0.3552	-0.04155
0.4133	ACH-000374	Drug_988	0.4023	-0.01099
0.4188	ACH-000374	Drug_988	0.3451	-0.07367
0.4699	ACH-000374	Drug_988	0.4094	-0.06054
0.2975	ACH-000375	Drug_988	0.3676	0.0701
0.3219	ACH-000375	Drug_988	0.3626	0.04074
0.3817	ACH-000375	Drug_988	0.3733	-0.008369
0.5119	ACH-000376	Drug_988	0.3459	-0.166
0.3312	ACH-000377	Drug_988	0.4202	0.08904
0.3868	ACH-000378	Drug_988	0.41	0.02317
0.5577	ACH-000378	Drug_988	0.3815	-0.1762
0.4564	ACH-000379	Drug_988	0.453	-0.003412
0.2707	ACH-000380	Drug_988	0.2251	-0.04558
0.2845	ACH-000380	Drug_988	0.2883	0.00377
0.3854	ACH-000380	Drug_988	0.3019	-0.08348
0.3546	ACH-000381	Drug_988	0.3993	0.04465
0.3559	ACH-000381	Drug_988	0.3933	0.03736
0.56	ACH-000381	Drug_988	0.4063	-0.1537
0.3323	ACH-000383	Drug_988	0.4284	0.09612
0.3397	ACH-000383	Drug_988	0.376	0.0363
0.499	ACH-000383	Drug_988	0.406	-0.09301
0.4182	ACH-000384	Drug_988	0.4117	-0.006464
0.4433	ACH-000384	Drug_988	0.4101	-0.03323
0.2184	ACH-000386	Drug_988	0.3911	0.1727
0.3233	ACH-000386	Drug_988	0.3129	-0.01036
0.3696	ACH-000386	Drug_988	0.3087	-0.06095
0.3101	ACH-000387	Drug_988	0.3217	0.01161
0.2983	ACH-000388	Drug_988	0.2846	-0.01367
0.3034	ACH-000389	Drug_988	0.3243	0.02087
0.4342	ACH-000390	Drug_988	0.4397	0.005542
0.3288	ACH-000392	Drug_988	0.4196	0.09084
0.3294	ACH-000392	Drug_988	0.4413	0.1119
0.5248	ACH-000392	Drug_988	0.4161	-0.1087
0.3516	ACH-000393	Drug_988	0.3707	0.01906
0.4799	ACH-000393	Drug_988	0.3721	-0.1078
0.3625	ACH-000394	Drug_988	0.3958	0.03327
0.4653	ACH-000394	Drug_988	0.4075	-0.05779
0.3342	ACH-000396	Drug_988	0.4652	0.131
0.3499	ACH-000396	Drug_988	0.4014	0.05146
0.3031	ACH-000398	Drug_988	0.3433	0.04015
0.3853	ACH-000399	Drug_988	0.2959	-0.08935
0.3979	ACH-000399	Drug_988	0.3832	-0.01473
0.2634	ACH-000400	Drug_988	0.4061	0.1427
0.3099	ACH-000400	Drug_988	0.4133	0.1034
0.3373	ACH-000400	Drug_988	0.3773	0.03997
0.3263	ACH-000401	Drug_988	0.3414	0.01515
0.3884	ACH-000401	Drug_988	0.296	-0.09244
0.4244	ACH-000401	Drug_988	0.361	-0.06343
0.3036	ACH-000402	Drug_988	0.3494	0.04578
0.165	ACH-000403	Drug_988	0.4015	0.2365
0.3682	ACH-000403	Drug_988	0.4162	0.04801
0.4854	ACH-000403	Drug_988	0.3669	-0.1185
0.2885	ACH-000404	Drug_988	0.3818	0.09334
0.2929	ACH-000406	Drug_988	0.3305	0.03763
0.5871	ACH-000406	Drug_988	0.345	-0.2421
0.3547	ACH-000407	Drug_988	0.3901	0.03542
0.1709	ACH-000408	Drug_988	0.3355	0.1646
0.3339	ACH-000408	Drug_988	0.3625	0.02863
0.3441	ACH-000408	Drug_988	0.3451	0.0009981
0.3858	ACH-000409	Drug_988	0.3999	0.0141
0.498	ACH-000409	Drug_988	0.447	-0.05096
0.4165	ACH-000410	Drug_988	0.4972	0.08065
0.435	ACH-000410	Drug_988	0.4244	-0.01064
0.3593	ACH-000411	Drug_988	0.4152	0.05585
0.5443	ACH-000411	Drug_988	0.4488	-0.09553
0.6026	ACH-000411	Drug_988	0.6848	0.0822
0.4812	ACH-000414	Drug_988	0.4983	0.0171
0.5638	ACH-000414	Drug_988	0.5484	-0.01539
0.7348	ACH-000414	Drug_988	0.4754	-0.2594
0.4456	ACH-000415	Drug_988	0.4054	-0.04017
0.3882	ACH-000416	Drug_988	0.3822	-0.005974
0.3493	ACH-000417	Drug_988	0.4476	0.09829
0.4331	ACH-000417	Drug_988	0.4153	-0.01779
0.3591	ACH-000418	Drug_988	0.402	0.04291
0.4161	ACH-000419	Drug_988	0.3696	-0.0465
0.387	ACH-000420	Drug_988	0.5111	0.1241
0.543	ACH-000420	Drug_988	0.4972	-0.04576
0.5922	ACH-000420	Drug_988	0.5179	-0.0743
0.4319	ACH-000421	Drug_988	0.4362	0.004266
0.6032	ACH-000421	Drug_988	0.4437	-0.1595
0.3919	ACH-000422	Drug_988	0.459	0.06714
0.5582	ACH-000422	Drug_988	0.4928	-0.06542
0.4893	ACH-000423	Drug_988	0.3833	-0.106
0.5786	ACH-000423	Drug_988	0.4173	-0.1613
0.3946	ACH-000425	Drug_988	0.3815	-0.01315
0.4158	ACH-000425	Drug_988	0.3843	-0.03152
0.4837	ACH-000425	Drug_988	0.3634	-0.1203
0.3461	ACH-000427	Drug_988	0.4322	0.08607
0.3839	ACH-000427	Drug_988	0.4004	0.01654
0.5218	ACH-000427	Drug_988	0.4156	-0.1062
0.3967	ACH-000428	Drug_988	0.3527	-0.044
0.23	ACH-000429	Drug_988	0.3712	0.1412
0.3677	ACH-000430	Drug_988	0.3779	0.0102
0.4027	ACH-000430	Drug_988	0.321	-0.08171
0.4129	ACH-000430	Drug_988	0.3836	-0.02926
0.2529	ACH-000432	Drug_988	0.2682	0.01529
0.2549	ACH-000432	Drug_988	0.3184	0.06352
0.2574	ACH-000432	Drug_988	0.269	0.01159
0.3028	ACH-000432	Drug_988	0.2892	-0.01361
0.3753	ACH-000432	Drug_988	0.2671	-0.1082
0.4746	ACH-000433	Drug_988	0.3814	-0.09324
0.5319	ACH-000433	Drug_988	0.4435	-0.08844
0.3242	ACH-000434	Drug_988	0.3408	0.01661
0.3826	ACH-000434	Drug_988	0.3928	0.01017
0.4019	ACH-000435	Drug_988	0.4718	0.06994
0.4376	ACH-000435	Drug_988	0.4183	-0.01926
0.2679	ACH-000437	Drug_988	0.3809	0.113
0.3913	ACH-000437	Drug_988	0.384	-0.00732
0.3772	ACH-000438	Drug_988	0.3214	-0.05576
0.3843	ACH-000438	Drug_988	0.3793	-0.004968
0.4439	ACH-000438	Drug_988	0.3735	-0.07036
0.2374	ACH-000439	Drug_988	0.3881	0.1507
0.2675	ACH-000439	Drug_988	0.3939	0.1264
0.3845	ACH-000439	Drug_988	0.393	0.008528
0.3367	ACH-000440	Drug_988	0.6529	0.3162
0.5416	ACH-000440	Drug_988	0.4591	-0.08249
0.8013	ACH-000440	Drug_988	0.4723	-0.329
0.9351	ACH-000440	Drug_988	0.6241	-0.311
0.0583	ACH-000441	Drug_988	0.4226	0.3643
0.2959	ACH-000441	Drug_988	0.3648	0.06892
0.3339	ACH-000441	Drug_988	0.3552	0.02126
0.3916	ACH-000443	Drug_988	0.5084	0.1168
0.4789	ACH-000443	Drug_988	0.5092	0.03031
0.4596	ACH-000445	Drug_988	0.3247	-0.1349
0.3592	ACH-000447	Drug_988	0.577	0.2178
0.4817	ACH-000447	Drug_988	0.5171	0.0354
0.7488	ACH-000447	Drug_988	0.5302	-0.2186
0.2786	ACH-000449	Drug_988	0.3645	0.08591
0.3374	ACH-000449	Drug_988	0.3834	0.04602
0.3858	ACH-000449	Drug_988	0.3598	-0.02603
0.3332	ACH-000450	Drug_988	0.321	-0.01218
0.3618	ACH-000450	Drug_988	0.2897	-0.07214
0.3237	ACH-000451	Drug_988	0.3976	0.07392
0.4672	ACH-000451	Drug_988	0.405	-0.06223
0.1386	ACH-000452	Drug_988	0.2965	0.1579
0.2935	ACH-000452	Drug_988	0.3221	0.02861
0.3555	ACH-000452	Drug_988	0.3234	-0.03207
0.3117	ACH-000453	Drug_988	0.3905	0.07883
0.3883	ACH-000454	Drug_988	0.4539	0.06564
0.3661	ACH-000456	Drug_988	0.3371	-0.02897
0.4927	ACH-000456	Drug_988	0.4047	-0.08798
0.2999	ACH-000457	Drug_988	0.4114	0.1115
0.442	ACH-000457	Drug_988	0.3849	-0.05712
0.3654	ACH-000458	Drug_988	0.3267	-0.03869
0.5546	ACH-000459	Drug_988	0.472	-0.08255
0.3339	ACH-000460	Drug_988	0.3659	0.032
0.5757	ACH-000461	Drug_988	0.5135	-0.06225
0.5333	ACH-000463	Drug_988	0.4588	-0.07447
0.5489	ACH-000463	Drug_988	0.4384	-0.1105
0.6345	ACH-000463	Drug_988	0.5871	-0.04745
0.2757	ACH-000464	Drug_988	0.4167	0.141
0.3019	ACH-000464	Drug_988	0.4069	0.105
0.405	ACH-000464	Drug_988	0.4011	-0.003907
0.5176	ACH-000464	Drug_988	0.3974	-0.1202
0.4764	ACH-000465	Drug_988	0.7713	0.2949
0.7437	ACH-000465	Drug_988	0.6989	-0.04479
0.7685	ACH-000465	Drug_988	0.8025	0.03399
0.8715	ACH-000465	Drug_988	0.7214	-0.1501
0.3924	ACH-000466	Drug_988	0.3723	-0.02011
0.3211	ACH-000467	Drug_988	0.4144	0.09329
0.4314	ACH-000468	Drug_988	0.4426	0.01124
0.4449	ACH-000468	Drug_988	0.5112	0.06633
0.2966	ACH-000469	Drug_988	0.3452	0.04855
0.3335	ACH-000469	Drug_988	0.3359	0.002383
0.3669	ACH-000470	Drug_988	0.4741	0.1072
0.4225	ACH-000470	Drug_988	0.3937	-0.02878
0.4967	ACH-000470	Drug_988	0.4344	-0.06233
0.4821	ACH-000471	Drug_988	0.4833	0.00117
0.3025	ACH-000472	Drug_988	0.3632	0.06069
0.3097	ACH-000472	Drug_988	0.3199	0.01023
0.2852	ACH-000473	Drug_988	0.352	0.06682
0.3215	ACH-000473	Drug_988	0.3121	-0.009449
0.3637	ACH-000473	Drug_988	0.355	-0.008741
0.3729	ACH-000475	Drug_988	0.4787	0.1058
0.419	ACH-000475	Drug_988	0.4612	0.04225
0.6077	ACH-000475	Drug_988	0.4581	-0.1496
0.3107	ACH-000476	Drug_988	0.3718	0.06111
0.3253	ACH-000476	Drug_988	0.4088	0.08349
0.545	ACH-000476	Drug_988	0.3796	-0.1654
0.377	ACH-000477	Drug_988	0.4196	0.04256
0.5341	ACH-000477	Drug_988	0.4674	-0.06665
0.3188	ACH-000478	Drug_988	0.3658	0.04701
0.3924	ACH-000478	Drug_988	0.3697	-0.02268
0.4991	ACH-000478	Drug_988	0.3999	-0.0992
0.3598	ACH-000479	Drug_988	0.7018	0.342
0.3866	ACH-000480	Drug_988	0.5559	0.1693
0.5942	ACH-000480	Drug_988	0.529	-0.06516
0.3639	ACH-000481	Drug_988	0.483	0.1191
0.388	ACH-000481	Drug_988	0.4037	0.01573
0.516	ACH-000481	Drug_988	0.4248	-0.09116
0.3641	ACH-000482	Drug_988	0.3962	0.03209
0.3367	ACH-000483	Drug_988	0.3797	0.04297
0.4295	ACH-000483	Drug_988	0.3752	-0.05435
0.4784	ACH-000483	Drug_988	0.4109	-0.06753
0.3751	ACH-000484	Drug_988	0.3891	0.01401
0.3965	ACH-000484	Drug_988	0.3973	0.000795
0.3414	ACH-000485	Drug_988	0.4287	0.08726
0.3164	ACH-000486	Drug_988	0.4026	0.08617
0.6199	ACH-000486	Drug_988	0.3805	-0.2394
0.321	ACH-000487	Drug_988	0.3013	-0.01971
0.3955	ACH-000488	Drug_988	0.3552	-0.04027
0.3978	ACH-000489	Drug_988	0.4796	0.08179
0.5091	ACH-000489	Drug_988	0.4642	-0.04489
0.3454	ACH-000491	Drug_988	0.4529	0.1075
0.4167	ACH-000491	Drug_988	0.5129	0.09623
0.4383	ACH-000491	Drug_988	0.4651	0.02681
0.4992	ACH-000491	Drug_988	0.4867	-0.01247
0.3212	ACH-000493	Drug_988	0.3742	0.05303
0.3857	ACH-000493	Drug_988	0.3519	-0.03382
0.4998	ACH-000493	Drug_988	0.3569	-0.1429
0.3833	ACH-000495	Drug_988	0.4313	0.04801
0.4458	ACH-000496	Drug_988	0.4823	0.03651
0.4741	ACH-000496	Drug_988	0.4707	-0.003398
0.5064	ACH-000500	Drug_988	0.472	-0.03439
0.226	ACH-000501	Drug_988	0.4114	0.1854
0.4287	ACH-000501	Drug_988	0.3866	-0.04208
0.5263	ACH-000501	Drug_988	0.3878	-0.1385
0.5928	ACH-000502	Drug_988	0.5373	-0.05553
0.5494	ACH-000503	Drug_988	0.3834	-0.166
0.2519	ACH-000504	Drug_988	0.3888	0.1369
0.4467	ACH-000504	Drug_988	0.3837	-0.06303
0.3752	ACH-000505	Drug_988	0.4234	0.04824
0.3964	ACH-000505	Drug_988	0.4596	0.06318
0.424	ACH-000505	Drug_988	0.4001	-0.02389
0.2793	ACH-000508	Drug_988	0.4221	0.1428
0.4009	ACH-000508	Drug_988	0.4039	0.002996
0.403	ACH-000508	Drug_988	0.4666	0.06356
0.6501	ACH-000508	Drug_988	0.4038	-0.2463
0.305	ACH-000509	Drug_988	0.4039	0.09894
0.4088	ACH-000511	Drug_988	0.4316	0.02279
0.5815	ACH-000513	Drug_988	0.4267	-0.1548
0.26	ACH-000514	Drug_988	0.342	0.08204
0.3306	ACH-000514	Drug_988	0.3413	0.01071
0.4142	ACH-000514	Drug_988	0.3551	-0.05914
0.4557	ACH-000514	Drug_988	0.3556	-0.1001
0.2917	ACH-000515	Drug_988	0.4216	0.1299
0.9511	ACH-000517	Drug_988	0.8053	-0.1458
0.301	ACH-000518	Drug_988	0.34	0.03898
0.3952	ACH-000518	Drug_988	0.3369	-0.05826
0.2084	ACH-000519	Drug_988	0.2647	0.05632
0.4613	ACH-000521	Drug_988	0.4185	-0.04277
0.3776	ACH-000522	Drug_988	0.39	0.01236
0.3964	ACH-000522	Drug_988	0.3804	-0.01605
0.468	ACH-000522	Drug_988	0.4066	-0.0614
0.3338	ACH-000523	Drug_988	0.4003	0.06653
0.3943	ACH-000525	Drug_988	0.3809	-0.01338
0.7628	ACH-000525	Drug_988	0.37	-0.3928
0.346	ACH-000527	Drug_988	0.3854	0.03942
0.4011	ACH-000527	Drug_988	0.4081	0.006965
0.303	ACH-000528	Drug_988	0.3958	0.09284
0.3293	ACH-000530	Drug_988	0.4572	0.1279
0.3654	ACH-000530	Drug_988	0.4342	0.06875
0.4269	ACH-000530	Drug_988	0.4443	0.01741
0.5217	ACH-000530	Drug_988	0.4541	-0.06761
0.3756	ACH-000532	Drug_988	0.4067	0.03109
0.5001	ACH-000532	Drug_988	0.4468	-0.05335
0.2365	ACH-000534	Drug_988	0.3519	0.1154
0.2405	ACH-000534	Drug_988	0.3218	0.08131
0.307	ACH-000534	Drug_988	0.2887	-0.01827
0.4298	ACH-000534	Drug_988	0.3425	-0.08728
0.4827	ACH-000534	Drug_988	0.2967	-0.186
0.5917	ACH-000534	Drug_988	0.3636	-0.2281
0.3304	ACH-000535	Drug_988	0.3868	0.05642
0.3407	ACH-000535	Drug_988	0.3348	-0.005854
0.4081	ACH-000535	Drug_988	0.3831	-0.02505
0.3489	ACH-000536	Drug_988	0.4289	0.08003
0.417	ACH-000536	Drug_988	0.3872	-0.02982
0.4246	ACH-000536	Drug_988	0.4074	-0.0172
0.4283	ACH-000536	Drug_988	0.3659	-0.06237
0.4993	ACH-000536	Drug_988	0.3415	-0.1578
0.4185	ACH-000537	Drug_988	0.422	0.003459
0.3102	ACH-000541	Drug_988	0.3584	0.0482
0.4894	ACH-000541	Drug_988	0.3369	-0.1525
0.4071	ACH-000542	Drug_988	0.345	-0.06206
0.4227	ACH-000543	Drug_988	0.3963	-0.02643
0.2995	ACH-000544	Drug_988	0.3256	0.02613
0.3515	ACH-000544	Drug_988	0.3777	0.0262
0.5059	ACH-000544	Drug_988	0.3829	-0.123
0.3186	ACH-000545	Drug_988	0.3711	0.05248
0.3833	ACH-000545	Drug_988	0.3954	0.01211
0.4065	ACH-000546	Drug_988	0.3336	-0.07292
0.5009	ACH-000546	Drug_988	0.358	-0.1429
0.3744	ACH-000547	Drug_988	0.4066	0.03224
0.4121	ACH-000547	Drug_988	0.4363	0.0242
0.3572	ACH-000548	Drug_988	0.3493	-0.007936
0.4246	ACH-000548	Drug_988	0.3409	-0.08374
0.336	ACH-000549	Drug_988	0.3681	0.03207
0.3945	ACH-000550	Drug_988	0.3782	-0.01628
0.4486	ACH-000550	Drug_988	0.4088	-0.03978
0.292	ACH-000551	Drug_988	0.3608	0.06876
0.392	ACH-000551	Drug_988	0.3318	-0.06024
0.4123	ACH-000551	Drug_988	0.2991	-0.1132
0.4372	ACH-000551	Drug_988	0.3569	-0.08033
0.4507	ACH-000551	Drug_988	0.3983	-0.05241
0.4586	ACH-000553	Drug_988	0.3666	-0.09198
0.7655	ACH-000554	Drug_988	0.5919	-0.1736
0.2856	ACH-000555	Drug_988	0.441	0.1554
0.4536	ACH-000555	Drug_988	0.4109	-0.04267
0.5215	ACH-000557	Drug_988	0.3984	-0.1231
0.2529	ACH-000558	Drug_988	0.3699	0.117
0.3427	ACH-000558	Drug_988	0.2713	-0.07143
0.3859	ACH-000558	Drug_988	0.3138	-0.07212
0.6526	ACH-000559	Drug_988	0.3453	-0.3073
0.2711	ACH-000560	Drug_988	0.3598	0.0887
0.3843	ACH-000560	Drug_988	0.3888	0.004495
0.315	ACH-000562	Drug_988	0.4019	0.08694
0.356	ACH-000562	Drug_988	0.4274	0.07141
0.3863	ACH-000562	Drug_988	0.4042	0.01791
0.2947	ACH-000563	Drug_988	0.315	0.02033
0.3968	ACH-000563	Drug_988	0.3323	-0.06445
0.3074	ACH-000564	Drug_988	0.3557	0.04828
0.4579	ACH-000564	Drug_988	0.3231	-0.1348
0.5233	ACH-000565	Drug_988	0.6292	0.1059
0.6418	ACH-000565	Drug_988	0.5751	-0.0667
0.6652	ACH-000565	Drug_988	0.5144	-0.1508
0.2691	ACH-000566	Drug_988	0.3737	0.1046
0.3669	ACH-000566	Drug_988	0.6232	0.2563
0.2584	ACH-000567	Drug_988	0.3014	0.04302
0.2647	ACH-000567	Drug_988	0.3103	0.04563
0.2887	ACH-000567	Drug_988	0.315	0.02629
0.7516	ACH-000567	Drug_988	0.2794	-0.4722
0.3391	ACH-000568	Drug_988	0.4771	0.138
0.4541	ACH-000568	Drug_988	0.4819	0.02779
0.5393	ACH-000568	Drug_988	0.5463	0.006994
0.6127	ACH-000568	Drug_988	0.4869	-0.1258
0.6553	ACH-000568	Drug_988	0.4814	-0.1739
0.2562	ACH-000572	Drug_988	0.3133	0.05712
0.3579	ACH-000572	Drug_988	0.3373	-0.02059
0.3887	ACH-000572	Drug_988	0.3246	-0.06414
0.2761	ACH-000573	Drug_988	0.3321	0.05597
0.3482	ACH-000573	Drug_988	0.3413	-0.006903
0.4888	ACH-000573	Drug_988	0.3925	-0.09629
0.3794	ACH-000574	Drug_988	0.4544	0.07505
0.6731	ACH-000574	Drug_988	0.4605	-0.2126
0.2901	ACH-000576	Drug_988	0.2735	-0.01658
0.7486	ACH-000578	Drug_988	0.7138	-0.03476
0.1848	ACH-000579	Drug_988	0.3707	0.1859
0.3287	ACH-000579	Drug_988	0.3825	0.05382
0.3559	ACH-000579	Drug_988	0.3556	-0.0002861
0.29	ACH-000580	Drug_988	0.3425	0.05247
0.2969	ACH-000580	Drug_988	0.2876	-0.009309
0.3016	ACH-000580	Drug_988	0.4183	0.1167
0.3029	ACH-000580	Drug_988	0.2638	-0.03906
0.3039	ACH-000580	Drug_988	0.3301	0.02622
0.3043	ACH-000580	Drug_988	0.2621	-0.04219
0.3126	ACH-000580	Drug_988	0.3224	0.009805
0.3177	ACH-000580	Drug_988	0.3516	0.03389
0.322	ACH-000580	Drug_988	0.3198	-0.002215
0.3229	ACH-000580	Drug_988	0.2625	-0.06038
0.3232	ACH-000580	Drug_988	0.2839	-0.03928
0.3238	ACH-000580	Drug_988	0.351	0.02724
0.3239	ACH-000580	Drug_988	0.2653	-0.05857
0.3279	ACH-000580	Drug_988	0.3209	-0.007044
0.3393	ACH-000580	Drug_988	0.3547	0.01537
0.3452	ACH-000580	Drug_988	0.3089	-0.03626
0.3516	ACH-000580	Drug_988	0.3569	0.005305
0.3841	ACH-000580	Drug_988	0.3619	-0.02221
0.3864	ACH-000580	Drug_988	0.2693	-0.1171
0.4361	ACH-000580	Drug_988	0.3088	-0.1273
0.3574	ACH-000582	Drug_988	0.3958	0.0384
0.4121	ACH-000582	Drug_988	0.3867	-0.02542
0.3324	ACH-000585	Drug_988	0.4072	0.07476
0.3739	ACH-000585	Drug_988	0.4093	0.03541
0.4113	ACH-000585	Drug_988	0.4152	0.00394
0.484	ACH-000586	Drug_988	0.3706	-0.1134
0.6618	ACH-000586	Drug_988	0.4011	-0.2607
0.6863	ACH-000586	Drug_988	0.4144	-0.2719
0.0392	ACH-000587	Drug_988	0.3137	0.2745
0.0748	ACH-000587	Drug_988	0.3354	0.2606
0.2616	ACH-000587	Drug_988	0.3903	0.1287
0.436	ACH-000587	Drug_988	0.3785	-0.05751
0.4341	ACH-000589	Drug_988	0.4483	0.01416
0.3251	ACH-000592	Drug_988	0.3714	0.04629
0.3468	ACH-000593	Drug_988	0.4222	0.07536
0.332	ACH-000595	Drug_988	0.3516	0.01964
0.3914	ACH-000595	Drug_988	0.3278	-0.06362
0.4002	ACH-000595	Drug_988	0.3883	-0.0119
0.3827	ACH-000596	Drug_988	0.34	-0.04267
0.423	ACH-000596	Drug_988	0.3759	-0.0471
0.4395	ACH-000596	Drug_988	0.3771	-0.06236
0.199	ACH-000598	Drug_988	0.3558	0.1568
0.4046	ACH-000599	Drug_988	0.428	0.0234
0.4167	ACH-000599	Drug_988	0.4357	0.01901
0.575	ACH-000599	Drug_988	0.4226	-0.1524
0.3038	ACH-000602	Drug_988	0.2869	-0.01694
0.5384	ACH-000603	Drug_988	0.687	0.1486
0.7889	ACH-000603	Drug_988	0.8389	0.05002
0.2897	ACH-000604	Drug_988	0.3314	0.04168
0.3809	ACH-000605	Drug_988	0.4117	0.03082
0.4737	ACH-000605	Drug_988	0.4019	-0.07183
0.5043	ACH-000605	Drug_988	0.4285	-0.07575
0.4584	ACH-000606	Drug_988	0.3721	-0.08632
0.3338	ACH-000607	Drug_988	0.3559	0.02211
0.4216	ACH-000607	Drug_988	0.3298	-0.09184
0.3319	ACH-000608	Drug_988	0.3965	0.06456
0.1113	ACH-000609	Drug_988	0.2779	0.1666
0.1623	ACH-000609	Drug_988	0.332	0.1697
0.3381	ACH-000609	Drug_988	0.3366	-0.001545
0.3267	ACH-000610	Drug_988	0.3363	0.009563
0.1213	ACH-000611	Drug_988	0.3304	0.2091
0.2347	ACH-000611	Drug_988	0.3114	0.07665
0.2675	ACH-000611	Drug_988	0.3667	0.09921
0.3739	ACH-000611	Drug_988	0.3634	-0.01048
0.3219	ACH-000613	Drug_988	0.3198	-0.002091
0.354	ACH-000613	Drug_988	0.3324	-0.02155
0.3223	ACH-000614	Drug_988	0.3592	0.03685
0.4375	ACH-000614	Drug_988	0.3834	-0.05412
0.4019	ACH-000615	Drug_988	0.4879	0.08598
0.5513	ACH-000615	Drug_988	0.4388	-0.1125
0.4421	ACH-000616	Drug_988	0.4811	0.03905
0.9589	ACH-000616	Drug_988	0.583	-0.3759
0.0678	ACH-000617	Drug_988	0.3773	0.3095
0.1686	ACH-000617	Drug_988	0.3498	0.1812
0.3783	ACH-000617	Drug_988	0.366	-0.01231
0.3883	ACH-000617	Drug_988	0.3483	-0.04
0.481	ACH-000617	Drug_988	0.3835	-0.0975
0.3698	ACH-000619	Drug_988	0.3607	-0.00909
0.2827	ACH-000621	Drug_988	0.4475	0.1648
0.3397	ACH-000621	Drug_988	0.4093	0.06956
0.4242	ACH-000621	Drug_988	0.4439	0.01966
0.5168	ACH-000621	Drug_988	0.4342	-0.0826
0.4236	ACH-000623	Drug_988	0.3956	-0.02799
0.3498	ACH-000624	Drug_988	0.3422	-0.007572
0.3623	ACH-000624	Drug_988	0.376	0.01369
0.402	ACH-000624	Drug_988	0.3433	-0.05868
0.5549	ACH-000624	Drug_988	0.3699	-0.185
0.4402	ACH-000625	Drug_988	0.3939	-0.04632
0.5321	ACH-000625	Drug_988	0.423	-0.1091
0.2854	ACH-000626	Drug_988	0.3924	0.107
0.3116	ACH-000627	Drug_988	0.3657	0.05414
0.405	ACH-000627	Drug_988	0.3858	-0.01919
0.4179	ACH-000627	Drug_988	0.3978	-0.02006
0.3235	ACH-000628	Drug_988	0.3363	0.01279
0.3764	ACH-000630	Drug_988	0.4141	0.03767
0.408	ACH-000632	Drug_988	0.3528	-0.05519
0.4001	ACH-000633	Drug_988	0.4149	0.0148
0.4931	ACH-000633	Drug_988	0.4673	-0.02575
0.5373	ACH-000633	Drug_988	0.4818	-0.05546
0.4059	ACH-000635	Drug_988	0.4001	-0.005765
0.2266	ACH-000636	Drug_988	0.2678	0.04125
0.2704	ACH-000636	Drug_988	0.3175	0.04706
0.3087	ACH-000636	Drug_988	0.2714	-0.03728
0.3538	ACH-000637	Drug_988	0.3731	0.01927
0.3638	ACH-000637	Drug_988	0.4099	0.0461
0.3683	ACH-000637	Drug_988	0.385	0.01671
0.386	ACH-000637	Drug_988	0.4225	0.03653
0.4913	ACH-000637	Drug_988	0.3435	-0.1478
0.4072	ACH-000638	Drug_988	0.5439	0.1367
0.5503	ACH-000638	Drug_988	0.5283	-0.02197
0.5554	ACH-000638	Drug_988	0.5577	0.002313
0.3957	ACH-000639	Drug_988	0.333	-0.06271
0.3991	ACH-000639	Drug_988	0.3772	-0.02188
0.4369	ACH-000639	Drug_988	0.3561	-0.08076
0.4182	ACH-000640	Drug_988	0.3868	-0.03137
0.1898	ACH-000641	Drug_988	0.2654	0.07555
0.2709	ACH-000641	Drug_988	0.2915	0.02056
0.2718	ACH-000643	Drug_988	0.3843	0.1125
0.2795	ACH-000643	Drug_988	0.4544	0.1749
0.4505	ACH-000643	Drug_988	0.3705	-0.08003
0.6389	ACH-000643	Drug_988	0.3799	-0.259
0.1891	ACH-000644	Drug_988	0.3964	0.2073
0.3074	ACH-000644	Drug_988	0.3616	0.0542
0.3179	ACH-000644	Drug_988	0.3972	0.07925
0.4335	ACH-000644	Drug_988	0.4006	-0.03293
0.6738	ACH-000645	Drug_988	0.6421	-0.03169
0.2218	ACH-000647	Drug_988	0.4204	0.1986
0.3492	ACH-000647	Drug_988	0.4242	0.07502
0.4023	ACH-000647	Drug_988	0.3872	-0.01513
0.3352	ACH-000648	Drug_988	0.5458	0.2106
0.4909	ACH-000648	Drug_988	0.489	-0.001873
0.7535	ACH-000648	Drug_988	0.4529	-0.3006
0.3235	ACH-000649	Drug_988	0.337	0.0135
0.3021	ACH-000650	Drug_988	0.3753	0.07321
0.3699	ACH-000650	Drug_988	0.3693	-0.0005857
0.4358	ACH-000650	Drug_988	0.3095	-0.1263
0.2742	ACH-000651	Drug_988	0.3489	0.0747
0.2747	ACH-000651	Drug_988	0.3399	0.06525
0.2957	ACH-000651	Drug_988	0.3668	0.07109
0.2963	ACH-000651	Drug_988	0.3228	0.02645
0.3033	ACH-000651	Drug_988	0.3526	0.04927
0.3106	ACH-000651	Drug_988	0.3195	0.008922
0.311	ACH-000651	Drug_988	0.375	0.06404
0.3117	ACH-000651	Drug_988	0.3286	0.01688
0.3148	ACH-000651	Drug_988	0.3352	0.02044
0.3206	ACH-000651	Drug_988	0.3919	0.0713
0.3245	ACH-000651	Drug_988	0.3571	0.0326
0.3278	ACH-000651	Drug_988	0.3679	0.04008
0.331	ACH-000651	Drug_988	0.3294	-0.001624
0.3441	ACH-000651	Drug_988	0.3529	0.00881
0.3456	ACH-000651	Drug_988	0.3425	-0.003071
0.3548	ACH-000651	Drug_988	0.3408	-0.01396
0.3562	ACH-000651	Drug_988	0.3455	-0.0107
0.3684	ACH-000651	Drug_988	0.3464	-0.02203
0.3711	ACH-000651	Drug_988	0.3314	-0.0397
0.3715	ACH-000651	Drug_988	0.3914	0.01992
0.3788	ACH-000651	Drug_988	0.3005	-0.07831
0.3848	ACH-000651	Drug_988	0.3278	-0.05695
0.3928	ACH-000651	Drug_988	0.4243	0.03147
0.3666	ACH-000652	Drug_988	0.5562	0.1896
0.5143	ACH-000652	Drug_988	0.4657	-0.04856
0.5453	ACH-000652	Drug_988	0.5587	0.01338
0.6124	ACH-000652	Drug_988	0.5284	-0.08398
0.2852	ACH-000654	Drug_988	0.3813	0.09611
0.3058	ACH-000654	Drug_988	0.3429	0.03712
0.3569	ACH-000654	Drug_988	0.3528	-0.004138
0.5802	ACH-000654	Drug_988	0.3313	-0.2489
0.1661	ACH-000655	Drug_988	0.339	0.1729
0.198	ACH-000655	Drug_988	0.325	0.127
0.3111	ACH-000655	Drug_988	0.3553	0.04425
0.3569	ACH-000655	Drug_988	0.3186	-0.03833
0.4484	ACH-000655	Drug_988	0.2948	-0.1536
0.1513	ACH-000656	Drug_988	0.3255	0.1742
0.2838	ACH-000656	Drug_988	0.2926	0.008842
0.3402	ACH-000656	Drug_988	0.3383	-0.001867
0.416	ACH-000656	Drug_988	0.3515	-0.06448
0.3216	ACH-000657	Drug_988	0.3016	-0.02001
0.4036	ACH-000657	Drug_988	0.3588	-0.04477
0.4255	ACH-000657	Drug_988	0.3712	-0.05434
0.4281	ACH-000659	Drug_988	0.3849	-0.04319
0.2125	ACH-000660	Drug_988	0.2257	0.01318
0.3468	ACH-000661	Drug_988	0.3959	0.04906
0.2682	ACH-000662	Drug_988	0.3672	0.09903
0.354	ACH-000663	Drug_988	0.3856	0.03162
0.4352	ACH-000663	Drug_988	0.3786	-0.05656
0.4497	ACH-000663	Drug_988	0.3846	-0.06509
0.2655	ACH-000664	Drug_988	0.3219	0.05635
0.2789	ACH-000664	Drug_988	0.2881	0.009207
0.3785	ACH-000664	Drug_988	0.3103	-0.06817
0.3909	ACH-000665	Drug_988	0.4064	0.01549
0.4081	ACH-000665	Drug_988	0.4056	-0.002516
0.5583	ACH-000665	Drug_988	0.4106	-0.1477
0.3791	ACH-000667	Drug_988	0.3849	0.005774
0.3873	ACH-000667	Drug_988	0.3722	-0.01509
0.4299	ACH-000667	Drug_988	0.3525	-0.07736
0.2185	ACH-000668	Drug_988	0.35	0.1315
0.2459	ACH-000668	Drug_988	0.3328	0.08691
0.3211	ACH-000669	Drug_988	0.4795	0.1584
0.3921	ACH-000670	Drug_988	0.4725	0.08043
0.4157	ACH-000670	Drug_988	0.3754	-0.04033
0.3768	ACH-000672	Drug_988	0.3825	0.005694
0.477	ACH-000672	Drug_988	0.4094	-0.06757
0.5111	ACH-000674	Drug_988	0.4108	-0.1003
0.5256	ACH-000674	Drug_988	0.4281	-0.09749
0.5381	ACH-000674	Drug_988	0.4263	-0.1118
0.4032	ACH-000677	Drug_988	0.392	-0.01119
0.5029	ACH-000677	Drug_988	0.4647	-0.03817
0.3057	ACH-000678	Drug_988	0.3886	0.08288
0.4069	ACH-000678	Drug_988	0.3992	-0.007658
0.2948	ACH-000679	Drug_988	0.4324	0.1376
0.3879	ACH-000679	Drug_988	0.4411	0.05322
0.4624	ACH-000679	Drug_988	0.4127	-0.04969
0.3399	ACH-000680	Drug_988	0.3564	0.01649
0.3412	ACH-000680	Drug_988	0.3054	-0.03582
0.3557	ACH-000680	Drug_988	0.3648	0.00912
0.4078	ACH-000680	Drug_988	0.3719	-0.03589
0.2998	ACH-000681	Drug_988	0.3957	0.09594
0.3329	ACH-000681	Drug_988	0.4266	0.09366
0.3355	ACH-000681	Drug_988	0.4315	0.096
0.3368	ACH-000681	Drug_988	0.3907	0.05392
0.348	ACH-000681	Drug_988	0.486	0.138
0.3568	ACH-000681	Drug_988	0.4583	0.1015
0.3629	ACH-000681	Drug_988	0.4166	0.05372
0.3707	ACH-000681	Drug_988	0.437	0.06633
0.3721	ACH-000681	Drug_988	0.4379	0.06582
0.3744	ACH-000681	Drug_988	0.4327	0.05828
0.387	ACH-000681	Drug_988	0.4072	0.02017
0.393	ACH-000681	Drug_988	0.3991	0.006097
0.4017	ACH-000681	Drug_988	0.4377	0.03605
0.4056	ACH-000681	Drug_988	0.4543	0.04869
0.4072	ACH-000681	Drug_988	0.4096	0.002446
0.4159	ACH-000681	Drug_988	0.3952	-0.02074
0.4443	ACH-000681	Drug_988	0.4356	-0.008689
0.4581	ACH-000681	Drug_988	0.4655	0.007412
0.5035	ACH-000681	Drug_988	0.4095	-0.09401
0.6789	ACH-000681	Drug_988	0.4154	-0.2635
0.7632	ACH-000681	Drug_988	0.4298	-0.3334
0.3927	ACH-000683	Drug_988	0.427	0.03432
0.2982	ACH-000684	Drug_988	0.3777	0.07954
0.3005	ACH-000684	Drug_988	0.3604	0.05989
0.3349	ACH-000684	Drug_988	0.4096	0.07468
0.4158	ACH-000684	Drug_988	0.3351	-0.08073
0.4459	ACH-000685	Drug_988	0.3777	-0.06817
0.3805	ACH-000686	Drug_988	0.4739	0.09343
0.3352	ACH-000687	Drug_988	0.3638	0.02858
0.444	ACH-000687	Drug_988	0.3675	-0.07649
0.3184	ACH-000688	Drug_988	0.3493	0.03088
0.3859	ACH-000689	Drug_988	0.3589	-0.02696
0.2622	ACH-000691	Drug_988	0.3795	0.1173
0.2727	ACH-000691	Drug_988	0.3584	0.08572
0.3061	ACH-000691	Drug_988	0.4237	0.1176
0.426	ACH-000692	Drug_988	0.4673	0.04127
0.32	ACH-000693	Drug_988	0.3884	0.0684
0.3347	ACH-000693	Drug_988	0.3868	0.05208
0.3785	ACH-000693	Drug_988	0.4	0.02148
0.4612	ACH-000693	Drug_988	0.321	-0.1402
0.1037	ACH-000694	Drug_988	0.2739	0.1702
0.1069	ACH-000694	Drug_988	0.2992	0.1923
0.2961	ACH-000694	Drug_988	0.3589	0.06278
0.4024	ACH-000694	Drug_988	0.3451	-0.05731
0.3139	ACH-000696	Drug_988	0.3247	0.01085
0.4134	ACH-000696	Drug_988	0.3409	-0.07252
0.4491	ACH-000696	Drug_988	0.3074	-0.1417
0.1874	ACH-000697	Drug_988	0.2251	0.03769
0.191	ACH-000697	Drug_988	0.2411	0.05011
0.2234	ACH-000697	Drug_988	0.1531	-0.07025
0.2316	ACH-000697	Drug_988	0.27	0.03842
0.3787	ACH-000698	Drug_988	0.432	0.05326
0.4445	ACH-000698	Drug_988	0.4242	-0.0203
0.3527	ACH-000699	Drug_988	0.411	0.05832
0.4823	ACH-000699	Drug_988	0.4016	-0.0807
0.497	ACH-000699	Drug_988	0.5122	0.01524
0.2446	ACH-000702	Drug_988	0.3793	0.1347
0.289	ACH-000702	Drug_988	0.5057	0.2167
0.4601	ACH-000702	Drug_988	0.358	-0.1021
0.4235	ACH-000703	Drug_988	0.402	-0.02148
0.3755	ACH-000704	Drug_988	0.4745	0.09903
0.3944	ACH-000704	Drug_988	0.5058	0.1114
0.6283	ACH-000704	Drug_988	0.4231	-0.2052
0.2467	ACH-000706	Drug_988	0.4399	0.1932
0.6836	ACH-000706	Drug_988	0.4945	-0.1891
0.4354	ACH-000707	Drug_988	0.6649	0.2295
0.349	ACH-000709	Drug_988	0.3873	0.0383
0.4528	ACH-000713	Drug_988	0.4278	-0.02499
0.2957	ACH-000714	Drug_988	0.3524	0.05666
0.4381	ACH-000714	Drug_988	0.3975	-0.0406
0.3356	ACH-000715	Drug_988	0.4431	0.1075
0.498	ACH-000716	Drug_988	0.5562	0.05823
0.5559	ACH-000716	Drug_988	0.4143	-0.1416
0.4617	ACH-000717	Drug_988	0.4621	0.0003662
0.5235	ACH-000717	Drug_988	0.4862	-0.03725
0.8756	ACH-000717	Drug_988	0.4316	-0.444
0.528	ACH-000718	Drug_988	0.6136	0.0856
0.4278	ACH-000719	Drug_988	0.4668	0.03902
0.4486	ACH-000719	Drug_988	0.4553	0.00671
0.4539	ACH-000719	Drug_988	0.4183	-0.03559
0.6432	ACH-000719	Drug_988	0.4183	-0.2249
0.3283	ACH-000720	Drug_988	0.3448	0.01652
0.3453	ACH-000720	Drug_988	0.3143	-0.03104
0.3382	ACH-000721	Drug_988	0.404	0.06578
0.3377	ACH-000722	Drug_988	0.5233	0.1856
0.53	ACH-000722	Drug_988	0.5678	0.03781
0.5319	ACH-000722	Drug_988	0.5153	-0.01657
0.6409	ACH-000722	Drug_988	0.5263	-0.1146
0.8857	ACH-000722	Drug_988	0.5389	-0.3468
0.4894	ACH-000723	Drug_988	0.3836	-0.1058
0.3571	ACH-000725	Drug_988	0.5511	0.194
0.4365	ACH-000726	Drug_988	0.4129	-0.02359
0.2934	ACH-000728	Drug_988	0.2856	-0.007785
0.2651	ACH-000729	Drug_988	0.3613	0.09623
0.3365	ACH-000729	Drug_988	0.3683	0.03179
0.3374	ACH-000729	Drug_988	0.3545	0.01713
0.3874	ACH-000730	Drug_988	0.3866	-0.0008263
0.3763	ACH-000731	Drug_988	0.4016	0.02534
0.4803	ACH-000732	Drug_988	0.4253	-0.05499
0.5108	ACH-000733	Drug_988	0.593	0.08218
0.5934	ACH-000733	Drug_988	0.6159	0.02255
0.6203	ACH-000733	Drug_988	0.693	0.07271
0.9669	ACH-000733	Drug_988	0.6754	-0.2915
0.3038	ACH-000735	Drug_988	0.3253	0.02151
0.3159	ACH-000736	Drug_988	0.3691	0.05319
0.2631	ACH-000738	Drug_988	0.3789	0.1158
0.2706	ACH-000738	Drug_988	0.3406	0.07001
0.2904	ACH-000738	Drug_988	0.3331	0.04274
0.3672	ACH-000738	Drug_988	0.3413	-0.02595
0.4751	ACH-000738	Drug_988	0.3587	-0.1164
0.4348	ACH-000739	Drug_988	0.4438	0.008962
0.4398	ACH-000739	Drug_988	0.4717	0.03186
0.1322	ACH-000740	Drug_988	0.3275	0.1953
0.1835	ACH-000740	Drug_988	0.3237	0.1402
0.3437	ACH-000740	Drug_988	0.3093	-0.03438
0.3503	ACH-000740	Drug_988	0.313	-0.03732
0.3024	ACH-000741	Drug_988	0.4262	0.1238
0.3405	ACH-000743	Drug_988	0.4207	0.08023
0.3484	ACH-000743	Drug_988	0.4093	0.0609
0.396	ACH-000744	Drug_988	0.3746	-0.0214
0.4019	ACH-000744	Drug_988	0.4431	0.04116
0.1336	ACH-000745	Drug_988	0.2711	0.1375
0.2897	ACH-000745	Drug_988	0.2878	-0.001878
0.3224	ACH-000745	Drug_988	0.2817	-0.04072
0.5289	ACH-000745	Drug_988	0.2919	-0.237
0.3035	ACH-000746	Drug_988	0.3494	0.04587
0.1129	ACH-000748	Drug_988	0.3642	0.2513
0.2215	ACH-000748	Drug_988	0.3518	0.1303
0.3062	ACH-000748	Drug_988	0.2776	-0.02861
0.3613	ACH-000748	Drug_988	0.3588	-0.002455
0.323	ACH-000749	Drug_988	0.3136	-0.009438
0.3408	ACH-000749	Drug_988	0.3578	0.01703
0.4003	ACH-000749	Drug_988	0.3386	-0.06171
0.2546	ACH-000750	Drug_988	0.3703	0.1157
0.2865	ACH-000750	Drug_988	0.3679	0.08142
0.357	ACH-000750	Drug_988	0.3726	0.01561
0.359	ACH-000750	Drug_988	0.3509	-0.008119
0.3891	ACH-000750	Drug_988	0.3446	-0.04446
0.4235	ACH-000750	Drug_988	0.3685	-0.05503
0.9575	ACH-000750	Drug_988	0.3492	-0.6083
0.1203	ACH-000751	Drug_988	0.2419	0.1216
0.1732	ACH-000751	Drug_988	0.2978	0.1246
0.1782	ACH-000751	Drug_988	0.2046	0.02643
0.1863	ACH-000751	Drug_988	0.2567	0.07042
0.257	ACH-000751	Drug_988	0.2582	0.001203
0.5041	ACH-000752	Drug_988	0.5208	0.01671
0.6112	ACH-000752	Drug_988	0.4187	-0.1925
0.3318	ACH-000753	Drug_988	0.3704	0.03865
0.3205	ACH-000754	Drug_988	0.3239	0.003367
0.3444	ACH-000754	Drug_988	0.3106	-0.03384
0.3585	ACH-000754	Drug_988	0.3366	-0.02192
0.3811	ACH-000755	Drug_988	0.5129	0.1318
0.5937	ACH-000755	Drug_988	0.4284	-0.1653
0.6047	ACH-000755	Drug_988	0.4303	-0.1744
0.1492	ACH-000756	Drug_988	0.3857	0.2365
0.3076	ACH-000756	Drug_988	0.3278	0.02016
0.3775	ACH-000756	Drug_988	0.3872	0.009678
0.4359	ACH-000756	Drug_988	0.3947	-0.04124
0.4874	ACH-000758	Drug_988	0.504	0.01658
0.5041	ACH-000758	Drug_988	0.4145	-0.08962
0.5345	ACH-000758	Drug_988	0.4779	-0.05663
0.3508	ACH-000759	Drug_988	0.3875	0.03673
0.3932	ACH-000759	Drug_988	0.4538	0.06059
0.4037	ACH-000759	Drug_988	0.4564	0.05269
0.4216	ACH-000759	Drug_988	0.4137	-0.007928
0.6222	ACH-000759	Drug_988	0.4203	-0.2019
0.4289	ACH-000762	Drug_988	0.3931	-0.03578
0.282	ACH-000763	Drug_988	0.3673	0.08532
0.3431	ACH-000764	Drug_988	0.4102	0.06712
0.3853	ACH-000765	Drug_988	0.3488	-0.03647
0.3089	ACH-000766	Drug_988	0.3394	0.03048
0.4516	ACH-000766	Drug_988	0.4173	-0.03428
0.3135	ACH-000767	Drug_988	0.4	0.08652
0.3677	ACH-000767	Drug_988	0.3645	-0.003183
0.4724	ACH-000767	Drug_988	0.4336	-0.0388
0.2911	ACH-000768	Drug_988	0.3865	0.09541
0.383	ACH-000768	Drug_988	0.388	0.005003
0.3943	ACH-000768	Drug_988	0.3926	-0.00174
0.4451	ACH-000768	Drug_988	0.3807	-0.06442
0.2967	ACH-000770	Drug_988	0.3519	0.0552
0.3398	ACH-000770	Drug_988	0.3535	0.01365
0.4376	ACH-000770	Drug_988	0.4022	-0.03543
0.6224	ACH-000770	Drug_988	0.3739	-0.2485
0.4635	ACH-000771	Drug_988	0.424	-0.03952
0.713	ACH-000772	Drug_988	0.4339	-0.2791
0.9313	ACH-000772	Drug_988	0.6438	-0.2875
0.3115	ACH-000773	Drug_988	0.2873	-0.02416
0.6772	ACH-000774	Drug_988	0.4886	-0.1886
0.4847	ACH-000775	Drug_988	0.4658	-0.01886
0.4993	ACH-000775	Drug_988	0.6867	0.1874
0.6813	ACH-000775	Drug_988	0.582	-0.09931
0.1097	ACH-000776	Drug_988	0.3898	0.2801
0.3204	ACH-000776	Drug_988	0.3925	0.07207
0.367	ACH-000776	Drug_988	0.3968	0.02983
0.4599	ACH-000776	Drug_988	0.3614	-0.09854
0.3105	ACH-000777	Drug_988	0.2942	-0.01634
0.3957	ACH-000777	Drug_988	0.3522	-0.04349
0.3249	ACH-000778	Drug_988	0.3927	0.06784
0.4244	ACH-000778	Drug_988	0.3973	-0.02713
0.3155	ACH-000780	Drug_988	0.3693	0.0538
0.407	ACH-000781	Drug_988	0.5362	0.1292
0.4509	ACH-000781	Drug_988	0.5877	0.1368
0.4913	ACH-000781	Drug_988	0.5375	0.04622
0.2453	ACH-000782	Drug_988	0.3032	0.05791
0.3118	ACH-000783	Drug_988	0.3994	0.08756
0.384	ACH-000783	Drug_988	0.4315	0.04753
0.4174	ACH-000783	Drug_988	0.4581	0.04067
0.5063	ACH-000783	Drug_988	0.4022	-0.1041
0.3421	ACH-000784	Drug_988	0.3984	0.05629
0.4408	ACH-000784	Drug_988	0.4404	-0.0004189
0.5277	ACH-000784	Drug_988	0.4216	-0.1061
0.5597	ACH-000784	Drug_988	0.4378	-0.1219
0.4375	ACH-000785	Drug_988	0.5225	0.08501
0.1881	ACH-000786	Drug_988	0.3931	0.205
0.2559	ACH-000786	Drug_988	0.3917	0.1358
0.3154	ACH-000786	Drug_988	0.3945	0.07909
0.4768	ACH-000786	Drug_988	0.4004	-0.07645
0.0836	ACH-000787	Drug_988	0.3848	0.3012
0.1284	ACH-000787	Drug_988	0.3514	0.223
0.3702	ACH-000787	Drug_988	0.2815	-0.08867
0.3704	ACH-000787	Drug_988	0.3263	-0.0441
0.4492	ACH-000787	Drug_988	0.3537	-0.09547
0.2753	ACH-000788	Drug_988	0.3464	0.07114
0.3914	ACH-000788	Drug_988	0.3481	-0.04328
0.3999	ACH-000788	Drug_988	0.3773	-0.02259
0.3347	ACH-000789	Drug_988	0.3548	0.0201
0.3423	ACH-000789	Drug_988	0.2686	-0.0737
0.2514	ACH-000790	Drug_988	0.3369	0.08548
0.3059	ACH-000790	Drug_988	0.2963	-0.009559
0.3218	ACH-000790	Drug_988	0.3744	0.05259
0.3615	ACH-000790	Drug_988	0.3865	0.025
0.852	ACH-000791	Drug_988	0.9118	0.0598
0.2815	ACH-000792	Drug_988	0.3954	0.1139
0.4624	ACH-000792	Drug_988	0.3997	-0.06265
0.5423	ACH-000793	Drug_988	0.4986	-0.04375
0.3387	ACH-000794	Drug_988	0.3933	0.0546
0.4171	ACH-000794	Drug_988	0.3764	-0.04068
0.3498	ACH-000796	Drug_988	0.3972	0.0474
0.4359	ACH-000796	Drug_988	0.381	-0.05492
0.3114	ACH-000798	Drug_988	0.3583	0.0469
0.4551	ACH-000799	Drug_988	0.3735	-0.08158
0.2416	ACH-000800	Drug_988	0.3461	0.1045
0.2539	ACH-000800	Drug_988	0.3918	0.1379
0.2761	ACH-000800	Drug_988	0.3682	0.09209
0.3109	ACH-000800	Drug_988	0.3073	-0.003582
0.3736	ACH-000800	Drug_988	0.3619	-0.01174
0.449	ACH-000801	Drug_988	0.467	0.01796
0.2583	ACH-000802	Drug_988	0.3276	0.0693
0.3597	ACH-000802	Drug_988	0.3678	0.008137
0.2482	ACH-000803	Drug_988	0.4203	0.1721
0.3693	ACH-000803	Drug_988	0.4216	0.05234
0.6658	ACH-000803	Drug_988	0.4188	-0.247
0.8144	ACH-000803	Drug_988	0.4084	-0.406
0.3268	ACH-000804	Drug_988	0.3828	0.05602
0.3485	ACH-000804	Drug_988	0.3904	0.04186
0.3864	ACH-000804	Drug_988	0.3721	-0.01426
0.3925	ACH-000804	Drug_988	0.3573	-0.03518
0.43	ACH-000804	Drug_988	0.41	-0.01999
0.2724	ACH-000805	Drug_988	0.2682	-0.004242
0.4265	ACH-000805	Drug_988	0.3483	-0.07817
0.1448	ACH-000806	Drug_988	0.1535	0.008703
0.1545	ACH-000806	Drug_988	0.1358	-0.0187
0.2077	ACH-000806	Drug_988	0.255	0.04729
0.2084	ACH-000806	Drug_988	0.2004	-0.007952
0.2535	ACH-000806	Drug_988	0.1541	-0.09944
0.2547	ACH-000806	Drug_988	0.2497	-0.004993
0.4298	ACH-000807	Drug_988	0.4316	0.001796
0.3462	ACH-000808	Drug_988	0.3556	0.009384
0.3846	ACH-000810	Drug_988	0.3577	-0.02694
0.4069	ACH-000810	Drug_988	0.325	-0.08191
0.3446	ACH-000811	Drug_988	0.4533	0.1087
0.4334	ACH-000811	Drug_988	0.4257	-0.00768
0.5122	ACH-000811	Drug_988	0.4385	-0.07371
0.3622	ACH-000813	Drug_988	0.3799	0.01769
0.215	ACH-000815	Drug_988	0.273	0.05798
0.2926	ACH-000815	Drug_988	0.3423	0.0497
0.3128	ACH-000815	Drug_988	0.2584	-0.0544
0.3335	ACH-000816	Drug_988	0.3804	0.04694
0.4464	ACH-000816	Drug_988	0.3538	-0.09261
0.2437	ACH-000817	Drug_988	0.2838	0.04015
0.2615	ACH-000817	Drug_988	0.3126	0.05114
0.2853	ACH-000817	Drug_988	0.2599	-0.02538
0.4968	ACH-000817	Drug_988	0.3074	-0.1894
0.7589	ACH-000818	Drug_988	0.7198	-0.03915
0.8273	ACH-000818	Drug_988	0.7366	-0.0907
0.61	ACH-000820	Drug_988	0.4465	-0.1635
0.1955	ACH-000821	Drug_988	0.334	0.1385
0.3195	ACH-000821	Drug_988	0.3177	-0.001824
0.3387	ACH-000821	Drug_988	0.3459	0.007194
0.3928	ACH-000822	Drug_988	0.4121	0.01929
0.541	ACH-000822	Drug_988	0.3924	-0.1486
0.347	ACH-000823	Drug_988	0.445	0.09804
0.5488	ACH-000823	Drug_988	0.4754	-0.0734
0.5525	ACH-000823	Drug_988	0.4295	-0.123
0.3496	ACH-000824	Drug_988	0.4064	0.05678
0.5039	ACH-000824	Drug_988	0.3696	-0.1343
0.3826	ACH-000825	Drug_988	0.4254	0.04285
0.4095	ACH-000825	Drug_988	0.4563	0.04682
0.4622	ACH-000825	Drug_988	0.4455	-0.01668
0.5027	ACH-000826	Drug_988	0.419	-0.08374
0.6408	ACH-000826	Drug_988	0.4469	-0.1939
0.3467	ACH-000827	Drug_988	0.3682	0.02148
0.4111	ACH-000828	Drug_988	0.6105	0.1994
0.6432	ACH-000828	Drug_988	0.5832	-0.06003
0.8058	ACH-000828	Drug_988	0.5375	-0.2683
0.4597	ACH-000830	Drug_988	0.4677	0.007956
0.4325	ACH-000831	Drug_988	0.4451	0.01264
0.2601	ACH-000832	Drug_988	0.3382	0.07808
0.2604	ACH-000832	Drug_988	0.3014	0.04103
0.4008	ACH-000832	Drug_988	0.3603	-0.04051
0.36	ACH-000833	Drug_988	0.3054	-0.05459
0.3443	ACH-000834	Drug_988	0.4324	0.08813
0.3731	ACH-000835	Drug_988	0.357	-0.01611
0.4614	ACH-000835	Drug_988	0.3574	-0.104
0.3754	ACH-000836	Drug_988	0.3651	-0.01033
0.7508	ACH-000837	Drug_988	0.4434	-0.3074
0.1139	ACH-000838	Drug_988	0.3008	0.1869
0.1709	ACH-000838	Drug_988	0.3039	0.133
0.2233	ACH-000838	Drug_988	0.2959	0.07265
0.4619	ACH-000838	Drug_988	0.2176	-0.2443
0.3123	ACH-000839	Drug_988	0.3814	0.06905
0.3924	ACH-000840	Drug_988	0.4083	0.01588
0.3994	ACH-000841	Drug_988	0.3848	-0.01458
0.5949	ACH-000841	Drug_988	0.3241	-0.2708
0.4783	ACH-000842	Drug_988	0.4207	-0.05755
0.3134	ACH-000843	Drug_988	0.4061	0.09266
0.4017	ACH-000843	Drug_988	0.4182	0.01648
0.3928	ACH-000844	Drug_988	0.5108	0.118
0.4018	ACH-000845	Drug_988	0.446	0.04417
0.3286	ACH-000846	Drug_988	0.3963	0.06767
0.4744	ACH-000846	Drug_988	0.3557	-0.1187
0.5398	ACH-000846	Drug_988	0.3796	-0.1602
0.2886	ACH-000847	Drug_988	0.3277	0.0391
0.44	ACH-000847	Drug_988	0.3435	-0.09654
0.4838	ACH-000847	Drug_988	0.339	-0.1448
0.2491	ACH-000849	Drug_988	0.352	0.1029
0.2978	ACH-000849	Drug_988	0.3673	0.06947
0.3186	ACH-000849	Drug_988	0.3431	0.02447
0.33	ACH-000849	Drug_988	0.3536	0.02355
0.4295	ACH-000851	Drug_988	0.3984	-0.03105
0.4531	ACH-000852	Drug_988	0.6369	0.1838
0.8818	ACH-000852	Drug_988	0.6212	-0.2606
0.3759	ACH-000853	Drug_988	0.4215	0.04565
0.4041	ACH-000853	Drug_988	0.4391	0.03504
0.4951	ACH-000853	Drug_988	0.4371	-0.05797
0.2926	ACH-000855	Drug_988	0.3684	0.07576
0.3663	ACH-000855	Drug_988	0.3531	-0.01323
0.4368	ACH-000855	Drug_988	0.4002	-0.03662
0.2959	ACH-000856	Drug_988	0.3688	0.07289
0.3499	ACH-000856	Drug_988	0.3847	0.03482
0.4087	ACH-000856	Drug_988	0.3402	-0.06846
0.4177	ACH-000856	Drug_988	0.3367	-0.08099
0.4686	ACH-000856	Drug_988	0.3599	-0.1087
0.2494	ACH-000857	Drug_988	0.3665	0.1171
0.3184	ACH-000857	Drug_988	0.3427	0.02427
0.37	ACH-000857	Drug_988	0.3541	-0.01587
0.408	ACH-000857	Drug_988	0.3477	-0.06033
0.4399	ACH-000857	Drug_988	0.3651	-0.0748
0.5132	ACH-000857	Drug_988	0.3605	-0.1527
0.3285	ACH-000858	Drug_988	0.4555	0.127
0.4117	ACH-000858	Drug_988	0.406	-0.005671
0.5368	ACH-000858	Drug_988	0.4706	-0.06621
0.2791	ACH-000859	Drug_988	0.3876	0.1085
0.3178	ACH-000859	Drug_988	0.3949	0.07707
0.3294	ACH-000859	Drug_988	0.3931	0.0637
0.3351	ACH-000859	Drug_988	0.3892	0.05412
0.397	ACH-000859	Drug_988	0.3489	-0.04807
0.3578	ACH-000860	Drug_988	0.4061	0.04832
0.4422	ACH-000860	Drug_988	0.4175	-0.02472
0.5235	ACH-000860	Drug_988	0.3977	-0.1258
0.1468	ACH-000861	Drug_988	0.3836	0.2368
0.2237	ACH-000861	Drug_988	0.3492	0.1255
0.2755	ACH-000861	Drug_988	0.335	0.05946
0.4137	ACH-000861	Drug_988	0.3738	-0.03988
0.5377	ACH-000861	Drug_988	0.3629	-0.1748
0.3788	ACH-000862	Drug_988	0.383	0.004232
0.4206	ACH-000863	Drug_988	0.3699	-0.05073
0.5191	ACH-000863	Drug_988	0.3798	-0.1393
0.4644	ACH-000864	Drug_988	0.6034	0.139
0.5857	ACH-000864	Drug_988	0.4942	-0.09154
0.6451	ACH-000864	Drug_988	0.6263	-0.01881
0.6612	ACH-000864	Drug_988	0.6294	-0.03181
0.3425	ACH-000866	Drug_988	0.3751	0.03264
0.4528	ACH-000867	Drug_988	0.3984	-0.05441
0.555	ACH-000867	Drug_988	0.3497	-0.2053
0.4875	ACH-000868	Drug_988	0.5417	0.05423
0.3819	ACH-000869	Drug_988	0.4337	0.05176
0.4228	ACH-000869	Drug_988	0.4175	-0.005305
0.61	ACH-000869	Drug_988	0.3873	-0.2227
0.2328	ACH-000874	Drug_988	0.2489	0.01606
0.2536	ACH-000874	Drug_988	0.3044	0.0508
0.749	ACH-000874	Drug_988	0.3602	-0.3888
0.4015	ACH-000875	Drug_988	0.4062	0.004695
0.5861	ACH-000875	Drug_988	0.4363	-0.1498
0.3599	ACH-000876	Drug_988	0.496	0.1361
0.568	ACH-000876	Drug_988	0.5036	-0.06443
0.8197	ACH-000876	Drug_988	0.4326	-0.3871
0.2893	ACH-000877	Drug_988	0.4496	0.1603
0.4507	ACH-000877	Drug_988	0.3473	-0.1034
0.3169	ACH-000878	Drug_988	0.4036	0.08675
0.4265	ACH-000878	Drug_988	0.4245	-0.002008
0.5082	ACH-000878	Drug_988	0.4327	-0.07554
0.3833	ACH-000879	Drug_988	0.4368	0.05351
0.4948	ACH-000879	Drug_988	0.3902	-0.1046
0.3027	ACH-000880	Drug_988	0.3615	0.05882
0.3586	ACH-000880	Drug_988	0.364	0.005437
0.4991	ACH-000880	Drug_988	0.3676	-0.1315
0.3949	ACH-000881	Drug_988	0.3775	-0.01737
0.439	ACH-000881	Drug_988	0.3401	-0.09889
0.4967	ACH-000881	Drug_988	0.3185	-0.1782
0.3018	ACH-000882	Drug_988	0.3718	0.07005
0.4083	ACH-000882	Drug_988	0.3384	-0.06985
0.4376	ACH-000882	Drug_988	0.3558	-0.08183
0.2812	ACH-000885	Drug_988	0.3217	0.04055
0.2939	ACH-000885	Drug_988	0.361	0.06706
0.3609	ACH-000885	Drug_988	0.3949	0.03404
0.4438	ACH-000886	Drug_988	0.4453	0.001514
0.5115	ACH-000886	Drug_988	0.4204	-0.0911
0.6779	ACH-000886	Drug_988	0.4067	-0.2712
0.4025	ACH-000888	Drug_988	0.2958	-0.1067
0.5117	ACH-000888	Drug_988	0.4552	-0.0565
0.4273	ACH-000889	Drug_988	0.6174	0.1901
0.8415	ACH-000889	Drug_988	0.6357	-0.2058
0.3915	ACH-000890	Drug_988	0.3873	-0.004236
0.4958	ACH-000890	Drug_988	0.3675	-0.1283
0.3721	ACH-000891	Drug_988	0.371	-0.001089
0.4668	ACH-000893	Drug_988	0.4549	-0.01194
0.4891	ACH-000893	Drug_988	0.432	-0.05713
0.7971	ACH-000893	Drug_988	0.4046	-0.3925
0.3053	ACH-000896	Drug_988	0.3461	0.0408
0.3211	ACH-000896	Drug_988	0.359	0.03788
0.3063	ACH-000897	Drug_988	0.3498	0.04351
0.6153	ACH-000898	Drug_988	0.4927	-0.1226
0.3286	ACH-000899	Drug_988	0.3248	-0.003813
0.3873	ACH-000900	Drug_988	0.3987	0.01139
0.416	ACH-000900	Drug_988	0.3838	-0.03217
0.4339	ACH-000900	Drug_988	0.4386	0.004658
0.4741	ACH-000900	Drug_988	0.4133	-0.06082
0.2943	ACH-000903	Drug_988	0.4202	0.1259
0.487	ACH-000903	Drug_988	0.4221	-0.06486
0.4934	ACH-000903	Drug_988	0.4213	-0.07209
0.4037	ACH-000904	Drug_988	0.3822	-0.02149
0.3018	ACH-000905	Drug_988	0.3446	0.04276
0.3203	ACH-000905	Drug_988	0.3695	0.04916
0.2192	ACH-000906	Drug_988	0.3629	0.1437
0.244	ACH-000906	Drug_988	0.3355	0.09149
0.2667	ACH-000906	Drug_988	0.3781	0.1114
0.3213	ACH-000906	Drug_988	0.3457	0.02438
0.3679	ACH-000906	Drug_988	0.3564	-0.01146
0.4204	ACH-000906	Drug_988	0.3751	-0.0453
0.2868	ACH-000909	Drug_988	0.386	0.09919
0.4807	ACH-000910	Drug_988	0.4972	0.01651
0.4993	ACH-000910	Drug_988	0.4597	-0.03958
0.5337	ACH-000910	Drug_988	0.5319	-0.001808
0.6374	ACH-000910	Drug_988	0.4398	-0.1976
0.4163	ACH-000911	Drug_988	0.4338	0.01752
0.4199	ACH-000911	Drug_988	0.3882	-0.03172
0.425	ACH-000911	Drug_988	0.4087	-0.01625
0.6195	ACH-000912	Drug_988	0.4385	-0.181
0.3048	ACH-000913	Drug_988	0.3314	0.02662
0.3262	ACH-000913	Drug_988	0.3063	-0.01988
0.2226	ACH-000914	Drug_988	0.4074	0.1848
0.2863	ACH-000914	Drug_988	0.4591	0.1728
0.578	ACH-000914	Drug_988	0.393	-0.185
0.3445	ACH-000915	Drug_988	0.3729	0.02843
0.3849	ACH-000915	Drug_988	0.3772	-0.007688
0.3518	ACH-000917	Drug_988	0.3945	0.04268
0.4884	ACH-000917	Drug_988	0.4457	-0.04266
0.2542	ACH-000918	Drug_988	0.2419	-0.01227
0.2853	ACH-000918	Drug_988	0.2077	-0.07756
0.2494	ACH-000920	Drug_988	0.2627	0.01334
0.2546	ACH-000920	Drug_988	0.2534	-0.001187
0.4087	ACH-000922	Drug_988	0.3215	-0.08724
0.2733	ACH-000923	Drug_988	0.3192	0.0459
0.7049	ACH-000924	Drug_988	0.6244	-0.08054
0.3542	ACH-000925	Drug_988	0.3311	-0.02309
0.4623	ACH-000925	Drug_988	0.2732	-0.1891
0.4813	ACH-000927	Drug_988	0.6133	0.132
0.5126	ACH-000927	Drug_988	0.6868	0.1742
0.5452	ACH-000927	Drug_988	0.6566	0.1114
0.6073	ACH-000927	Drug_988	0.6151	0.007794
0.7074	ACH-000927	Drug_988	0.6702	-0.03719
0.7816	ACH-000927	Drug_988	0.6927	-0.08891
0.7897	ACH-000927	Drug_988	0.6976	-0.09214
0.8263	ACH-000927	Drug_988	0.6499	-0.1764
0.4982	ACH-000929	Drug_988	0.4519	-0.04633
0.2771	ACH-000930	Drug_988	0.5286	0.2515
0.3531	ACH-000931	Drug_988	0.4044	0.05132
0.377	ACH-000932	Drug_988	0.3496	-0.02744
0.6159	ACH-000934	Drug_988	0.6194	0.003481
0.6978	ACH-000934	Drug_988	0.5909	-0.1069
0.9384	ACH-000934	Drug_988	0.6067	-0.3317
0.272	ACH-000935	Drug_988	0.303	0.03096
0.2741	ACH-000935	Drug_988	0.3518	0.07766
0.3808	ACH-000935	Drug_988	0.2797	-0.1011
0.4723	ACH-000936	Drug_988	0.4265	-0.04581
0.5213	ACH-000936	Drug_988	0.3191	-0.2022
0.1939	ACH-000937	Drug_988	0.3191	0.1252
0.2394	ACH-000937	Drug_988	0.3762	0.1368
0.2834	ACH-000937	Drug_988	0.3511	0.0677
0.235	ACH-000938	Drug_988	0.3038	0.06884
0.2457	ACH-000938	Drug_988	0.3265	0.08078
0.2823	ACH-000938	Drug_988	0.3396	0.05729
0.3092	ACH-000938	Drug_988	0.3663	0.05707
0.3854	ACH-000938	Drug_988	0.3829	-0.002457
0.0464	ACH-000939	Drug_988	0.3667	0.3203
0.1113	ACH-000939	Drug_988	0.3382	0.2269
0.3343	ACH-000939	Drug_988	0.3441	0.009771
0.4055	ACH-000939	Drug_988	0.3426	-0.0629
0.3958	ACH-000941	Drug_988	0.5007	0.1049
0.3513	ACH-000942	Drug_988	0.2663	-0.085
0.1666	ACH-000943	Drug_988	0.3654	0.1988
0.2788	ACH-000943	Drug_988	0.325	0.04616
0.4011	ACH-000943	Drug_988	0.3907	-0.0104
0.4023	ACH-000943	Drug_988	0.3495	-0.05284
0.1643	ACH-000944	Drug_988	0.3213	0.157
0.2722	ACH-000944	Drug_988	0.303	0.03079
0.4313	ACH-000945	Drug_988	0.4335	0.002249
0.5514	ACH-000945	Drug_988	0.419	-0.1324
0.6027	ACH-000945	Drug_988	0.3962	-0.2065
0.4501	ACH-000946	Drug_988	0.3366	-0.1135
0.5096	ACH-000946	Drug_988	0.3732	-0.1364
0.3536	ACH-000947	Drug_988	0.3612	0.007638
0.3049	ACH-000948	Drug_988	0.3763	0.07135
0.371	ACH-000948	Drug_988	0.356	-0.01501
0.4678	ACH-000948	Drug_988	0.4161	-0.0517
0.3232	ACH-000949	Drug_988	0.3837	0.06049
0.3332	ACH-000950	Drug_988	0.3703	0.03711
0.3992	ACH-000950	Drug_988	0.4336	0.03441
0.4744	ACH-000950	Drug_988	0.4467	-0.02771
0.4082	ACH-000951	Drug_988	0.4135	0.005291
0.5243	ACH-000951	Drug_988	0.4359	-0.08844
0.3539	ACH-000953	Drug_988	0.3875	0.03361
0.3948	ACH-000953	Drug_988	0.4219	0.02709
0.7772	ACH-000953	Drug_988	0.4077	-0.3695
0.4631	ACH-000954	Drug_988	0.4674	0.004266
0.4653	ACH-000954	Drug_988	0.4398	-0.02554
0.3212	ACH-000955	Drug_988	0.4034	0.08217
0.4008	ACH-000955	Drug_988	0.3522	-0.04855
0.3124	ACH-000956	Drug_988	0.4	0.08759
0.3573	ACH-000956	Drug_988	0.3691	0.01179
0.4498	ACH-000957	Drug_988	0.383	-0.06677
0.5074	ACH-000957	Drug_988	0.3932	-0.1142
0.3173	ACH-000958	Drug_988	0.3936	0.07625
0.3393	ACH-000958	Drug_988	0.3688	0.02951
0.4276	ACH-000958	Drug_988	0.4213	-0.006266
0.3802	ACH-000959	Drug_988	0.4146	0.03438
0.3053	ACH-000960	Drug_988	0.3929	0.08757
0.3417	ACH-000960	Drug_988	0.365	0.02333
0.7088	ACH-000960	Drug_988	0.3851	-0.3237
0.3216	ACH-000963	Drug_988	0.3932	0.07162
0.3651	ACH-000963	Drug_988	0.4712	0.1061
0.2702	ACH-000965	Drug_988	0.3935	0.1233
0.3502	ACH-000965	Drug_988	0.3696	0.01937
0.3626	ACH-000965	Drug_988	0.3879	0.0253
0.3714	ACH-000965	Drug_988	0.3817	0.01034
0.484	ACH-000965	Drug_988	0.3767	-0.1073
0.3354	ACH-000966	Drug_988	0.4319	0.09649
0.3986	ACH-000966	Drug_988	0.4354	0.03676
0.4237	ACH-000966	Drug_988	0.4422	0.01845
0.4563	ACH-000966	Drug_988	0.4202	-0.03612
0.2826	ACH-000967	Drug_988	0.4435	0.1609
0.2497	ACH-000968	Drug_988	0.3923	0.1426
0.2787	ACH-000968	Drug_988	0.4151	0.1364
0.1903	ACH-000969	Drug_988	0.4004	0.2101
0.264	ACH-000969	Drug_988	0.3838	0.1198
0.4641	ACH-000969	Drug_988	0.3806	-0.08352
0.5103	ACH-000969	Drug_988	0.3727	-0.1376
0.2936	ACH-000970	Drug_988	0.3756	0.08202
0.5783	ACH-000970	Drug_988	0.4078	-0.1705
0.341	ACH-000971	Drug_988	0.411	0.07003
0.3625	ACH-000971	Drug_988	0.4376	0.07506
0.5778	ACH-000971	Drug_988	0.3937	-0.1841
0.3592	ACH-000972	Drug_988	0.3578	-0.001366
0.5258	ACH-000972	Drug_988	0.4041	-0.1217
0.3549	ACH-000973	Drug_988	0.378	0.02311
0.3828	ACH-000973	Drug_988	0.3728	-0.009977
0.3267	ACH-000974	Drug_988	0.3728	0.04612
0.3566	ACH-000974	Drug_988	0.3425	-0.01407
0.4569	ACH-000974	Drug_988	0.323	-0.1339
0.3178	ACH-000976	Drug_988	0.3602	0.04241
0.3827	ACH-000976	Drug_988	0.3721	-0.01061
0.4097	ACH-000976	Drug_988	0.3872	-0.02245
0.4666	ACH-000978	Drug_988	0.3782	-0.0884
0.5049	ACH-000978	Drug_988	0.4418	-0.06311
0.3169	ACH-000980	Drug_988	0.3732	0.05627
0.3209	ACH-000980	Drug_988	0.3747	0.05381
0.4687	ACH-000980	Drug_988	0.4088	-0.05992
0.517	ACH-000980	Drug_988	0.3647	-0.1523
0.1448	ACH-000981	Drug_988	0.2463	0.1015
0.2555	ACH-000981	Drug_988	0.2715	0.01597
0.6055	ACH-000982	Drug_988	0.3932	-0.2123
0.1679	ACH-000983	Drug_988	0.3056	0.1377
0.2883	ACH-000983	Drug_988	0.2917	0.003386
0.3021	ACH-000983	Drug_988	0.3356	0.03351
0.4544	ACH-000984	Drug_988	0.4042	-0.0502
0.4907	ACH-000984	Drug_988	0.4096	-0.08114
0.1712	ACH-000985	Drug_988	0.3335	0.1623
0.205	ACH-000985	Drug_988	0.4058	0.2008
0.4819	ACH-000985	Drug_988	0.3268	-0.1551
0.5632	ACH-000985	Drug_988	0.3715	-0.1917
0.3776	ACH-000986	Drug_988	0.4302	0.05261
0.3218	ACH-000987	Drug_988	0.3997	0.07786
0.3413	ACH-000987	Drug_988	0.3785	0.03717
0.3727	ACH-000987	Drug_988	0.3973	0.02463
0.399	ACH-000987	Drug_988	0.3986	-0.0004274
0.4585	ACH-000987	Drug_988	0.3931	-0.06539
0.3504	ACH-000989	Drug_988	0.412	0.06157
0.3081	ACH-000990	Drug_988	0.3772	0.06912
0.3479	ACH-000991	Drug_988	0.3836	0.03575
0.3558	ACH-000993	Drug_988	0.3587	0.002887
0.6047	ACH-000994	Drug_988	0.4244	-0.1803
0.6144	ACH-000994	Drug_988	0.4886	-0.1258
0.3	ACH-000995	Drug_988	0.2691	-0.03092
0.3471	ACH-000995	Drug_988	0.3256	-0.02154
0.3813	ACH-000996	Drug_988	0.4443	0.06301
0.4599	ACH-000996	Drug_988	0.4309	-0.02897
0.2653	ACH-000997	Drug_988	0.3068	0.0415
0.28	ACH-000997	Drug_988	0.3616	0.08159
0.3004	ACH-000997	Drug_988	0.337	0.03658
0.3005	ACH-000997	Drug_988	0.301	0.0005387
0.304	ACH-000997	Drug_988	0.3245	0.0205
0.3075	ACH-000997	Drug_988	0.2944	-0.01311
0.3086	ACH-000997	Drug_988	0.3033	-0.005268
0.3135	ACH-000997	Drug_988	0.3028	-0.01066
0.3135	ACH-000997	Drug_988	0.3921	0.07863
0.3166	ACH-000997	Drug_988	0.3094	-0.007187
0.3285	ACH-000997	Drug_988	0.3598	0.03128
0.3291	ACH-000997	Drug_988	0.3311	0.00201
0.3308	ACH-000997	Drug_988	0.3646	0.03383
0.3404	ACH-000997	Drug_988	0.3163	-0.02405
0.3433	ACH-000997	Drug_988	0.3888	0.0455
0.3612	ACH-000997	Drug_988	0.3687	0.007465
0.363	ACH-000997	Drug_988	0.3161	-0.04687
0.3668	ACH-000997	Drug_988	0.3222	-0.04457
0.4168	ACH-000997	Drug_988	0.3105	-0.1063
0.4356	ACH-000997	Drug_988	0.2765	-0.1591
0.2507	ACH-000998	Drug_988	0.5378	0.2871
0.3514	ACH-000998	Drug_988	0.4721	0.1207
0.5017	ACH-000998	Drug_988	0.5107	0.009039
0.523	ACH-000998	Drug_988	0.4017	-0.1213
0.9823	ACH-000998	Drug_988	0.4387	-0.5436
0.401	ACH-001075	Drug_988	0.3947	-0.006302
0.4709	ACH-001075	Drug_988	0.4065	-0.06439
0.1983	ACH-001106	Drug_988	0.2652	0.06694
0.2941	ACH-001106	Drug_988	0.3292	0.03507
0.4426	ACH-001129	Drug_988	0.4229	-0.01968
0.2821	ACH-001190	Drug_988	0.3103	0.02821
0.2829	ACH-001190	Drug_988	0.3863	0.1034
0.6955	ACH-001190	Drug_988	0.2918	-0.4037
0.3696	ACH-001239	Drug_988	0.3609	-0.008671
0.5241	ACH-001239	Drug_988	0.3386	-0.1855
0.3476	ACH-001306	Drug_988	0.3883	0.04072
0.3698	ACH-001306	Drug_988	0.4003	0.03054
0.3999	ACH-001306	Drug_988	0.3948	-0.005072
0.3156	ACH-001307	Drug_988	0.3323	0.01667
0.3578	ACH-001307	Drug_988	0.268	-0.08982
0.4194	ACH-001307	Drug_988	0.3077	-0.1117
0.3146	ACH-001318	Drug_988	0.4819	0.1673
0.6505	ACH-001318	Drug_988	0.4067	-0.2438
0.3628	ACH-001321	Drug_988	0.4335	0.07075
